2 0.366015625 0.09453125 0.274609375 0.11328125 0.2248046875 0.1318359375 0.1978515625 0.152734375 0.1625 0.2150390625 0.1125 0.3376953125 0.1791015625 0.3251953125 0.2248046875 0.3208984375 0.3869140625 0.3146484375 0.4720703125 0.3146484375 0.65078125 0.3251953125 0.61953125 0.146484375 0.5904296875 0.10078125 0.5509765625 0.0904296875 0.4802734375 0.0861328125 0.4283203125 0.0861328125 0.366015625 0.09453125
7 0.646484375 0.5474609375 0.7255859375 0.5474609375 0.7587890625 0.4560546875 0.7421875 0.420703125 0.7005859375 0.3916015625 0.6755859375 0.36875 0.646484375 0.3458984375 0.611328125 0.3978515625 0.5634765625 0.46015625 0.494921875 0.5390625 0.646484375 0.5474609375
4 0.125 0.505859375 0.110546875 0.360546875 0.079296875 0.3978515625 0.06484375 0.4955078125 0.125 0.505859375
20 0.183203125 0.3251953125 0.1125 0.3396484375 0.1125 0.39375 0.125 0.5080078125 0.2974609375 0.530859375 0.397265625 0.5390625 0.4845703125 0.5412109375 0.5384765625 0.487109375 0.65078125 0.348046875 0.65078125 0.3251953125 0.546875 0.3146484375 0.4388671875 0.316796875 0.3349609375 0.316796875 0.183203125 0.3251953125
0 0.4802734375 0.5412109375 0.3349609375 0.5349609375 0.255859375 0.5267578125 0.060546875 0.493359375 0.03984375 0.5744140625 0.0357421875 0.64296875 0.0439453125 0.6970703125 0.0751953125 0.7365234375 0.123046875 0.751171875 0.1541015625 0.7552734375 0.22265625 0.790625 0.3744140625 0.8259765625 0.4451171875 0.83828125 0.45546875 0.823828125 0.4740234375 0.8154296875 0.501171875 0.8197265625 0.528125 0.8404296875 0.598828125 0.8654296875 0.652734375 0.8736328125 0.6943359375 0.86953125 0.7171875 0.83203125 0.7337890625 0.771875 0.7462890625 0.7115234375 0.7712890625 0.63671875 0.781640625 0.5828125 0.762890625 0.5619140625 0.7318359375 0.5412109375 0.66328125 0.5474609375 0.6173828125 0.543359375 0.4802734375 0.5412109375
19 0.93125 0.26484375 0.904296875 0.27109375 0.9103515625 0.3314453125 0.95625 0.323046875 0.964453125 0.2939453125 0.9541015625 0.2751953125 0.93125 0.26484375
6 0.7498046875 0.3484375 0.8224609375 0.531640625 0.828515625 0.681640625 0.8755859375 0.584765625 0.86796875 0.39609375 0.778515625 0.0998046875 0.7337890625 0.0869140625 0.7095703125 0.0923828125 0.703515625 0.09453125 0.705859375 0.2240234375 0.7498046875 0.3484375
14 0.876953125 0.585546875 0.9095703125 0.532421875 0.9171875 0.3953125 0.8974609375 0.2998046875 0.840625 0.1650390625 0.8080078125 0.121875 0.7876953125 0.105859375 0.780078125 0.1044921875 0.8701171875 0.396875 0.876953125 0.585546875
22 0.814453125 0.8505859375 0.8208984375 0.786328125 0.8208984375 0.695703125 0.808984375 0.6248046875 0.792578125 0.6052734375 0.7533203125 0.68046875 0.7271484375 0.8298828125 0.6943359375 0.8712890625 0.655078125 0.8779296875 0.6650390625 0.9421875 0.715234375 0.9640625 0.7685546875 0.953125 0.7767578125 0.9484375 0.7806640625 0.94765625 0.803515625 0.9083984375 0.814453125 0.8505859375
22 0.8896484375 0.5919921875 0.8951171875 0.616015625 0.919140625 0.616015625 0.934375 0.6029296875 0.9419921875 0.464453125 0.935546875 0.4251953125 0.9279296875 0.4470703125 0.913671875 0.5396484375 0.91484375 0.544140625 0.9048828125 0.5712890625 0.8896484375 0.5919921875
22 0.1435546875 0.8146484375 0.1849609375 0.8125 0.21328125 0.7884765625 0.1490234375 0.7546875 0.1162109375 0.7525390625 0.087890625 0.7447265625 0.0857421875 0.742578125 0.09765625 0.7708984375 0.1435546875 0.8146484375