2 0.6382201953125 0.315103159375 0.594580075 0.1390074421875 0.5623613125 0.0954456703125 0.5222822046875 0.087871434375 0.451451575 0.088517028125 0.3996250046875 0.09214109375 0.338057934375 0.1048652296875 0.248182278125 0.1299457328125 0.1997932234375 0.151929421875 0.1743635546875 0.17465710625 0.1434442625 0.23927602343749999 0.10212212812499999 0.3651213125 0.167689496875 0.348005871875 0.21298155625 0.34053137499999997 0.3742600625 0.3229884203125 0.45920887656250003 0.31704822187500004 0.6382201953125 0.315103159375
7 0.6494382546875 0.5371270921875 0.7283471296874999 0.5316092453125 0.7550931953125 0.4381095234375 0.7360660734375 0.4040021421875 0.692535828125 0.37787344843750004 0.66600268125 0.3568214625 0.6353779640624999 0.33605558750000003 0.6039314203124999 0.39033453281249997 0.5605425765625001 0.45582540624999995 0.4976591078125 0.539321578125 0.6494382546875 0.5371270921875
4 0.07319617187500001 0.4274471578125 0.065590409375 0.5258737203125 0.1263222109375 0.5320037796875 0.10176780468749999 0.388053453125 0.07319617187500001 0.4274471578125
20 0.53383134375 0.311830109375 0.4262365 0.3215075578125 0.3225833609375 0.3287556921875 0.1717810671875 0.3477197609375 0.1022583703125 0.36706967968750004 0.1060323046875 0.421039453125 0.126472078125 0.5341469828125 0.300106953125 0.5449126140625 0.40024074374999996 0.5461337328125 0.487482628125 0.5421868703125 0.53748363125 0.4844567859375 0.639814240625 0.33789905625 0.6382201953125 0.315103159375 0.53383134375 0.311830109375
0 0.2436048203125 0.8092635734375 0.39745895937500003 0.8339429328125 0.4688481859375 0.8412856453125 0.478166334375 0.8261456390624999 0.496089978125 0.8164733500000001 0.5234720171875 0.818865978125 0.5518036640624999 0.8376385171875 0.6240784703125 0.8576456171875 0.6784256296875 0.86206845 0.7196397421875 0.8550749 0.7398197718749999 0.8160722046875 0.7521846046875 0.754904425 0.7604442437500001 0.6938279203125 0.780165234375 0.6174615421875 0.7867312703125 0.5629645156249999 0.76656914375 0.5434249203125 0.7341459265625 0.5249384921875 0.6661942125 0.5359554015625 0.6201214703125 0.5350655421875 0.48319622031250004 0.5424866046875 0.337801715625 0.5463883171874999 0.2583206203125 0.5437230203125 0.061154134375 0.5240302515625 0.0461555296875 0.6063316703125 0.0468460921875 0.6750054734375001 0.05880316875 0.7284030265625 0.09272915625 0.7655801546875 0.141485978125 0.776854953125 0.172751128125 0.7787802593750001 0.2436048203125 0.8092635734375
19 0.9489480921875 0.2620486390625 0.9373138109375001 0.24406640156249998 0.9137958265625 0.2353341 0.8873443359375001 0.24344902968749998 0.8975941859375001 0.303231225 0.9427949718749999 0.2916515328125 0.9489480921875 0.2620486390625
6 0.7386237109375 0.3313812046875 0.8238825765625 0.5090698125 0.8403859875 0.658282065625 0.8805839796875 0.5583595890625 0.8598242624999999 0.3706786578125 0.7499209609374999 0.081351275 0.7044041453125 0.07161201874999999 0.680625871875 0.07875686093749999 0.6747358015625 0.08132241875 0.686106759375 0.210335678125 0.7386237109375 0.3313812046875
14 0.91083425625 0.503772715625 0.9088686218750001 0.366465984375 0.8825278234375 0.2725668796875 0.8164295609375 0.14209421093750002 0.7808808546875 0.10131055468750001 0.759500640625 0.086750871875 0.7518066390625 0.0859183625 0.8620219640625001 0.37130813749999997 0.882002334375 0.559043565625 0.91083425625 0.503772715625
22 0.7470814390625 0.9479180765624999 0.7995089046875 0.9332877828124999 0.8073650625000001 0.9280394796874999 0.8112073000000001 0.926987646875 0.8312647109375 0.8862314203125001 0.8381427718750001 0.8277967859375 0.8400899859375001 0.7632459 0.8337683046875 0.6728416578124999 0.8169376390625 0.602947009375 0.7992089234375 0.584607778125 0.7652921 0.6623584046875 0.7496065765625 0.8132341609375 0.7197623609375 0.85682843125 0.6810634046875 0.8661913671875 0.6954824765625001 0.9295978109374999 0.7470814390625 0.9479180765624999
22 0.8951163234375 0.5645875984375001 0.9022475421875 0.588171034375 0.9262124609375 0.5864952453125001 0.9404968968749999 0.5723784875 0.9384358921875 0.4337078984375 0.92926779375 0.39499531875 0.9231950843750001 0.41734838124999996 0.9154299265624999 0.5106955640625 0.9169123062500001 0.5150950640625 0.9088694125 0.542872209375 0.8951163234375 0.5645875984375001
22 0.234102790625 0.8077743375 0.1676445 0.7785499812500001 0.1347620625 0.7786956609375 0.1059657640625 0.7728777171875 0.10367269374999999 0.7708843812499999 0.117533259375 0.7983046234375 0.16637173593750001 0.8387463374999999 0.2075272546875 0.8337147796875 0.234102790625 0.8077743375