10 0.1988416984375 0.28865979375 0.5335907328125 0.2969072171875 0.684555984375 0.2927835046875 0.7335907328125 0.07783505156250001 0.46718146718750003 0.07938144375 0.3706563703125 0.09278350468749999 0.32548262499999997 0.13402061875 0.28108108125000003 0.1798969078125 0.1988416984375 0.28865979375
19 0.190733590625 0.2484536078125 0.17876447812500001 0.2628865984375 0.18069498125 0.29020618593749997 0.20077219999999998 0.286082475 0.224710425 0.244329896875 0.190733590625 0.2484536078125
17 0.846332046875 0.2711340203125 0.8370656375 0.251030928125 0.810038609375 0.24175257656250002 0.778764478125 0.24278350468749998 0.7606177609375 0.260309278125 0.7579150578125 0.282989690625 0.7637065640625 0.3128865984375 0.7428571421875 0.310309278125 0.740540540625 0.3314432984375 0.75057915 0.3530927828125 0.7698841703125 0.33402061875 0.8239382234375 0.3221649484375 0.8444015437499999 0.3072164953125 0.846332046875 0.2711340203125
12 0.4119691125 0.5582474234375 0.4169884171875 0.564948453125 0.5173745171874999 0.5381443296875 0.5625482625 0.5154639171875 0.6050193046875 0.48195876249999997 0.6231660234375 0.42010309218749997 0.6169884171875 0.3881443296875 0.6 0.37474226875 0.56872586875 0.37989690781249996 0.5054054046875 0.40927835 0.44208494218750005 0.473711340625 0.4119691125 0.5582474234375
15 0.0416988421875 0.49793814375 0.0729729734375 0.530412371875 0.0861003859375 0.513917525 0.10733590781249999 0.35567010312499997 0.06911196875 0.385051546875 0.0428571421875 0.4257731953125 0.0416988421875 0.49793814375
8 0.247104246875 0.5891752578125 0.15135135156249999 0.5757731953125 0.11428571406250002 0.5247422687500001 0.116216215625 0.47938144375 0.09420849375 0.47628865937500003 0.084942084375 0.519587628125 0.0729729734375 0.532989690625 0.040926640624999996 0.4994845359375 0.040926640624999996 0.4644329890625 0.024710425 0.5061855671875 0.01891891875 0.6670103093749999 0.008880309375000001 0.7448453609375 0.1737451734375 0.7948453609375 0.3123552125 0.8134020625 0.5606177609375 0.8257731953125 0.625096525 0.8015463921875 0.647104246875 0.636082475 0.6822393828125 0.5288659796874999 0.6482625484375 0.4845360828125 0.6119691125 0.46855670156249996 0.5980694984375 0.48865979375 0.5637065640625 0.5154639171875 0.515444015625 0.539690721875 0.415057915625 0.5680412375 0.41081081093750005 0.5572164953125001 0.4389961390625 0.47525773125 0.3625482625 0.495360825 0.34362934375 0.5371134015625 0.2880308875 0.585051546875 0.247104246875 0.5891752578125
22 0.625096525 0.8041237109375 0.5880308875 0.8201030921875001 0.5918918921875 0.8525773203125 0.6069498062500001 0.8701030921875 0.6382239375000001 0.87938144375 0.6702702703125001 0.8768041234374999 0.6996139 0.8628865984375 0.71853281875 0.8443298968749999 0.7428571421875 0.8108247421874999 0.7637065640625 0.72474226875 0.7637065640625 0.6737113406249999 0.752895753125 0.614948453125 0.73166023125 0.57474226875 0.7073359078125 0.5546391749999999 0.6702702703125001 0.562371134375 0.6671814671875 0.5757731953125 0.6362934359375 0.6938144328125 0.625096525 0.8041237109375
16 0.0957528953125 0.46134020624999994 0.1115830109375 0.4721649484375 0.1227799234375 0.46597938125000005 0.359459459375 0.48402061874999996 0.3640926640625 0.4912371140625 0.44362934374999996 0.46958762812500005 0.4984555984375 0.4118556703125 0.6007722 0.3726804125 0.6791505796874999 0.2974226796875 0.21235521249999997 0.2969072171875 0.19420849375 0.28917525781250003 0.1922779921875 0.28917525781250003 0.10733590781249999 0.35463917500000003 0.0957528953125 0.46134020624999994
22 0.9181467187499999 0.65670103125 0.9498069499999999 0.65670103125 0.9694980687499999 0.6273195874999999 0.9772200765625 0.5618556703124999 0.9760617765624999 0.47474226875000003 0.959073359375 0.42938144375 0.952509653125 0.44072164999999996 0.93088803125 0.5814432984375 0.891119690625 0.6072164953125 0.8907335906249999 0.61134020625 0.8992278 0.6365979375 0.9181467187499999 0.65670103125
11 0.8915057921875 0.40670103125 0.883783784375 0.3391752578125 0.8177606171875 0.067010309375 0.7706563703125 0.07938144375 0.7532818531250001 0.11185567031250002 0.7293436296875 0.239690721875 0.7621621625 0.41855670156249997 0.765637065625 0.65670103125 0.765637065625 0.6577319593750001 0.889961390625 0.580927834375 0.8915057921875 0.40670103125
3 0.9351351343750001 0.489690721875 0.9382239374999999 0.29175257656250003 0.9119691124999999 0.1855670109375 0.8772200765625 0.1097938140625 0.84980695 0.07938144375 0.8196911203124999 0.069587628125 0.8845559843749999 0.336082475 0.89343629375 0.4015463921875 0.891119690625 0.5783505156250001 0.8915057921875 0.5783505156250001 0.927413128125 0.5530927828125 0.9351351343750001 0.489690721875