10 0.6416264 0.26137571406250004 0.6487461437500001 0.0410201984375 0.38752663125 0.0933714625 0.29533220625 0.124945146875 0.2588568421875 0.17404417656249999 0.2240246890625 0.22754980156250001 0.16404921249999999 0.350006421875 0.494221646875 0.2942291890625 0.6416264 0.26137571406250004
19 0.148418371875 0.3120860359375 0.139423109375 0.3285376671875 0.1465309671875 0.354986959375 0.16545246875 0.3471080984375 0.18098411406249998 0.3015550046875 0.148418371875 0.3120860359375
17 0.7332552796875 0.2855738 0.7840540390624999 0.2636219515625 0.801289090625 0.245043559375 0.7962992640625 0.2092556625 0.783367253125 0.1912900359375 0.7550663953125001 0.187339153125 0.72456356875 0.19431852656249998 0.7100943328125 0.21498485937499998 0.7117689125 0.23776426874999998 0.7231586109375 0.2660068140625 0.7022004765625 0.267455103125 0.7039589984375 0.28864286093749997 0.7179440875 0.3079791265625 0.7332552796875 0.2855738
12 0.4381328921875 0.4852450515625 0.4247006203125 0.5739743390625 0.4309063234375 0.5795945234375 0.5243335796874999 0.534128296875 0.5643497296875 0.5032450296875 0.5996473734375 0.462251603125 0.6056580687500001 0.39806983749999997 0.5934959421875 0.367876990625 0.5742624171874999 0.35796270625000004 0.54454643125 0.3689900265625 0.48799558593750003 0.4099137625 0.4381328921875 0.4852450515625
15 0.055095396875 0.4693807859375 0.0370930015625 0.5143639203125 0.0497257046875 0.5854240093749999 0.0866216171875 0.611334209375 0.09636047656249999 0.592637590625 0.0870108109375 0.433245690625 0.055095396875 0.4693807859375
8 0.059624803125 0.7557364578125 0.064622259375 0.8340569171875 0.23599854062499998 0.8516805765625 0.3756027078125 0.843448296875 0.6216644984374999 0.808221409375 0.6803359140625 0.77213659375 0.6703672875 0.6055134437499999 0.6843990203125 0.4935627171875 0.64258789375 0.4565303703125 0.6039122609375001 0.44776968906250003 0.594103871875 0.470155603125 0.56548675 0.503024015625 0.5227336125 0.5360146343750001 0.429601421875 0.5829988421875 0.42336688906250003 0.5731833671875 0.43539590468749995 0.4873524015625 0.3641884421875 0.5216730875 0.353583884375 0.5662684515625 0.3081539578125 0.6239345234375 0.2687660953125 0.6357916421875001 0.1722152171875 0.6409063265625 0.12609341875 0.5978854390625 0.11933319843750001 0.5529896625 0.0971396890625 0.5541529734374999 0.0963053625 0.5984245328125 0.0871133921875 0.613864175 0.04926275625 0.5870893328125 0.04257460625 0.55268178125 0.034623095312500005 0.596761446875 0.059624803125 0.7557364578125
22 0.79200721875 0.6202021890625 0.7701825453125 0.5645817421875 0.741665478125 0.5291661875 0.713952209375 0.51407374375 0.6790429 0.5287361015625 0.6785680796875 0.5424813 0.670770878125 0.6642475015625 0.6808276890625 0.7746665593750001 0.6474920609375 0.7974248109375 0.657478503125 0.8285656828124999 0.6756038359375001 0.8428962703125 0.7080737671875 0.8460367671875 0.7390395421875 0.837392071875 0.7651884578125 0.818131221875 0.780218996875 0.796305559375 0.7977033296875 0.7587746890625 0.801744378125 0.6702955359375 0.79200721875 0.6202021890625
16 0.1595994875 0.351396471875 0.1577044546875 0.3517648296875 0.0868141 0.432233703125 0.09580341718749999 0.5391844796874999 0.113408146875 0.5467898124999999 0.12321907812499999 0.5385814203125 0.358992575 0.5111306046874999 0.3649176265625 0.5173304546875 0.438862078125 0.48090241718750004 0.4816652421875 0.413769815625 0.5746270078125 0.3557913890625 0.6372055046875 0.266961053125 0.178888128125 0.35552381718750004 0.1595994875 0.351396471875
22 0.9179569765625001 0.55791199375 0.9403641515625001 0.5740358359375 0.9714426953125 0.5679947796875 0.9851657890625001 0.5353959125000001 0.9802548171875 0.46966132343749994 0.962495778125 0.3843694546875 0.9371642328125 0.3430835796875 0.9328849343750001 0.3554678484375 0.93851151875 0.49772964374999995 0.9043915921875 0.5306174703125001 0.9047994265625 0.5347390890625 0.9179569765625001 0.55791199375
11 0.8665104453125 0.33371236875 0.8460457874999999 0.2689006625 0.7293041312499999 0.014333965625 0.6854258468750001 0.035465721875 0.674566921875 0.07065851875 0.6754605890625001 0.20071250937500001 0.741805390625 0.3700301453125 0.79065653125 0.60313605 0.790853240625 0.6041480375 0.8982384609375 0.5050328203125 0.8665104453125 0.33371236875
3 0.9296909250000001 0.47056305 0.9251733734375 0.406852434375 0.8904370484375 0.2119615984375 0.8444034374999999 0.11273661875 0.79583463125 0.0449860171875 0.76312220625 0.020363078125 0.7316909421875 0.0164955734375 0.8462136703124999 0.2657173609375 0.8674219265625001 0.328284078125 0.898883703125 0.502281840625 0.8992627109375 0.50220816875 0.9296909250000001 0.47056305