10 0.257125 0.255 0.259125 0.2745 0.313375 0.27999999999999997 0.363375 0.27999999999999997 0.434125 0.2855 0.527875 0.2966666671875 0.6675 0.32166666718750003 0.596625 0.2105 0.559125 0.18 0.5153749999999999 0.1661666671875 0.38625 0.1355 0.319625 0.1271666671875 0.26125 0.12450000000000001 0.257125 0.255
16 0.38625 0.3688333328125 0.44662499999999994 0.3855 0.53 0.4021666671875 0.607125 0.41050000000000003 0.8237500000000001 0.4245 0.8633749999999999 0.43 0.9112500000000001 0.4216666671875 0.9028750000000001 0.3966666671875 0.87375 0.3716666671875 0.7903749999999999 0.3466666671875 0.5675 0.30216666718749996 0.48624999999999996 0.2911666671875 0.39875 0.2828333328125 0.338375 0.2828333328125 0.259125 0.2716666671875 0.338375 0.3133333328125 0.371625 0.3271666671875 0.382125 0.3411666671875 0.38625 0.3688333328125
15 0.332125 0.3911666671875 0.338375 0.4966666671875 0.396625 0.5105000000000001 0.544625 0.5328333328125 0.505 0.3938333328125 0.47162499999999996 0.3883333328125 0.34875 0.3661666671875 0.332125 0.3911666671875
8 0.319625 0.78 0.350875 0.7995 0.369625 0.8161666671875001 0.47787499999999994 0.8133333328125 0.53 0.8161666671875001 0.57375 0.8244999999999999 0.584125 0.8105 0.607125 0.8105 0.621625 0.8161666671875001 0.646625 0.8133333328125 0.700875 0.805 0.777875 0.7855000000000001 0.844625 0.7745 0.9008749999999999 0.7383333328125 0.9258749999999999 0.7133333328125 0.938375 0.6938333328125 0.9446249999999999 0.6578333328125 0.9487500000000001 0.5995 0.946625 0.5411666671875001 0.93625 0.5161666671875 0.905 0.53 0.8946249999999999 0.46333333281250005 0.884125 0.42716666718749996 0.76125 0.4216666671875 0.569625 0.40499999999999997 0.502875 0.3938333328125 0.54875 0.5355000000000001 0.51125 0.5271666671874999 0.375875 0.5078333328125 0.33625 0.4995 0.34249999999999997 0.5578333328125 0.290375 0.5411666671875001 0.294625 0.5995 0.302875 0.6883333328125001 0.319625 0.78
22 0.177875 0.7133333328125 0.1925 0.7911666671875001 0.209125 0.8300000000000001 0.23625 0.8521666671875 0.271625 0.8521666671875 0.32999999999999996 0.8383333328125 0.346625 0.8021666671875 0.321625 0.7771666671874999 0.305 0.7188333328125001 0.288375 0.53 0.265375 0.46616666718750005 0.22999999999999998 0.4771666671875 0.196625 0.5216666671875 0.175875 0.6161666671875 0.177875 0.7133333328125
12 0.935125 0.512 0.9295 0.46399999999999997 0.9123749999999999 0.41733333281249996 0.8863749999999999 0.4261666671875 0.885 0.4268333328125 0.9033749999999999 0.5226666671875 0.935125 0.512
22 0.098 0.4103333328125 0.09475 0.5201666671875 0.100875 0.5505 0.1255 0.5555 0.143 0.553 0.15525 0.536 0.136875 0.5025000000000001 0.11975 0.3926666671875 0.118875 0.39016666718750004 0.10700000000000001 0.392 0.098 0.4103333328125
14 0.181375 0.5738333328125 0.18325 0.5713333328125 0.183125 0.5691666671875 0.18562499999999998 0.5638333328125 0.15588970625 0.5129607843749999 0.211125 0.5006666671875 0.215375 0.3616666671875 0.23775 0.2436666671875 0.242875 0.13133333281249998 0.23912499999999998 0.1243333328125 0.21349999999999997 0.14016666718749998 0.180375 0.2366666671875 0.1605 0.31433333281250003 0.1516071421875 0.36747619062500003 0.150125 0.3763333328125 0.15625 0.5215 0.17583333437499998 0.549722221875 0.181375 0.5738333328125
6 0.15675 0.327 0.178 0.23866666718750001 0.21212499999999998 0.1426666671875 0.187 0.1641666671875 0.131625 0.3068333328125 0.12450000000000001 0.3863333328125 0.13825 0.4961666671875 0.153875 0.5176666671875 0.15575 0.5163333328124999 0.148625 0.38133333281250004 0.15675 0.327
19 0.205 0.24183333281250002 0.1525 0.2361666671875 0.1525 0.257 0.15912500000000002 0.26516666718750004 0.203625 0.2721666671875 0.220125 0.2948333328125 0.22112500000000002 0.2941666671875 0.2225 0.2753333328125 0.205 0.24183333281250002
21 0.104625 0.3513333328125 0.104625 0.3886666671875 0.10774999999999998 0.3681666671875 0.1165 0.36983333281249997 0.12625 0.42816666718749996 0.12350000000000001 0.3908333328125 0.13025 0.31083333281250003 0.13425 0.294 0.133375 0.2961666671875 0.112125 0.2988333328125 0.104625 0.3513333328125