10 0.31295189843750004 0.1671151546875 0.2460502171875 0.172816040625 0.18839642031249998 0.18234449218749998 0.2114940375 0.3108503890625 0.2175046109375 0.3295084453125 0.2717126328125 0.32360904687500003 0.3206200125 0.3132134625 0.39096746875 0.303883521875 0.4849904875 0.29531445 0.6267621390625 0.2907384703125 0.534323078125 0.196736803125 0.4913012359375 0.1746999890625 0.44563116718750007 0.17026508437500001 0.31295189843750004 0.1671151546875
16 0.5248931 0.2924557609375 0.44313157968750005 0.2985889625 0.3558110671875 0.3086300046875 0.2967554046875 0.321182671875 0.216915528125 0.3267370265625 0.3030967109375 0.351016175 0.33849623125 0.357634153125 0.3516775453125 0.369145146875 0.3614646265625 0.39534959375 0.4239854828125 0.3990993859375 0.509003734375 0.398067209375 0.5861759656250001 0.39018325 0.8009779531250001 0.358838446875 0.8408805656249999 0.3559797578125 0.8859767843749999 0.33787475625 0.8725870062500001 0.3151623265625 0.838900665625 0.2967640640625 0.7521498171875 0.2896450109375 0.5248931 0.2924557609375
15 0.5504762703125 0.5228377859375 0.48281744687500006 0.3951137703125 0.44902825625 0.39667301093749996 0.3242296609375 0.400537890625 0.31316575 0.42844811250000003 0.3412138546875 0.5303432359375 0.40106706406250003 0.5317634203125 0.5504762703125 0.5228377859375
8 0.759898465625 0.7565707578125 0.8311615515625 0.7214876796875 0.8941658765625 0.69684995 0.94166720625 0.6497785781250001 0.960923103125 0.620127096875 0.9690956703125 0.598454321875 0.967724271875 0.5619415609375 0.9596309484375001 0.5040253156250001 0.9454242031250001 0.4474085171875 0.9300781296875 0.4251119109375 0.9023871296875001 0.44514019375 0.87837806875 0.3820874359375 0.8605880453125 0.348894171875 0.7392546453125 0.369061509375 0.548351915625 0.3926001265625 0.4807388828125 0.39555558281250003 0.5550655609375 0.5245885453125 0.516652428125 0.524234003125 0.38021607031250004 0.53346919375 0.33972437499999997 0.533556465625 0.35796597812500003 0.5893156265624999 0.303514840625 0.5838505656249999 0.31980015 0.64002555 0.34633935625 0.7252023890625 0.3817819 0.8113834000000001 0.41640329062500003 0.8239600375 0.43820875312499996 0.836364153125 0.5435041468749999 0.8110862937500001 0.595079175 0.803020315625 0.6396057296875 0.802075409375 0.6468432468749999 0.786224259375 0.6693406421875 0.781442290625 0.6847019484375 0.7839704078125 0.7085665546875 0.7760011953125 0.759898465625 0.7565707578125
22 0.2634677734375 0.5156872875 0.23115283125000002 0.5338017875000001 0.207759225 0.5842684078125 0.2071103171875 0.6810175234375 0.2292686984375 0.775645040625 0.2597565671875 0.848736821875 0.284092175 0.883265021875 0.31523313750000004 0.8993076890625 0.349835109375 0.8919528124999999 0.4040583625 0.8662849250000001 0.41280059375 0.82745205625 0.3831491125 0.8081961578125 0.35475922656250003 0.7545940796874999 0.2992368640625 0.5733437390625 0.2634677734375 0.5156872875
12 0.8613746203125 0.34838619843749996 0.8992729531249999 0.4383049671875 0.928111415625 0.421270196875 0.9126295734375001 0.375488615625 0.8861762499999999 0.33340221406250004 0.8625809656250001 0.3474482234375 0.8613746203125 0.34838619843749996
22 0.088141915625 0.4958732640625 0.1077985703125 0.6039821890625 0.1200963796875 0.6323792078125 0.145222821875 0.6321501203125 0.16182062656250001 0.626066296875 0.17026843593750002 0.60689086875 0.14532993125 0.5779433015625 0.1057435203125 0.474070578125 0.1043678625 0.47180713281250003 0.09313352968750001 0.47606935312500004 0.088141915625 0.4958732640625
14 0.14494715625000001 0.2075965875 0.1326094953125 0.30887490624999997 0.12931661875 0.3889766140625 0.13166711250000002 0.4428071015625 0.1320588625 0.4517788484375 0.1682318640625 0.5924998171875 0.193254984375 0.6160337109375 0.20368853437499998 0.638465759375 0.20500278125000002 0.63563055625 0.20443003750000002 0.6335372265625 0.20576654374999997 0.627800659375 0.166104040625 0.5842221125 0.2175762203125 0.5607125890625 0.192833621875 0.42386644687499997 0.1901860953125 0.30379300625 0.1718436875 0.192848878125 0.166720253125 0.1867815125 0.14494715625000001 0.2075965875
6 0.1282821140625 0.402146153125 0.1307022171875 0.3113249921875 0.14412198125 0.21032783593749999 0.124016125 0.236581790625 0.09951326875 0.3876439578125 0.109072946875 0.4668880625 0.1453581109375 0.5714624890625 0.16511176875 0.5892440421875 0.16666857968749998 0.587550009375 0.1316312 0.45698145468750007 0.1282821140625 0.402146153125
19 0.1095711671875 0.3345594453125 0.117749340625 0.3411702359375 0.162732290625 0.3387652 0.1835843921875 0.3575060015625 0.18442393125 0.3566459921875 0.1818532140625 0.33793833281249996 0.15777058906250002 0.30880884218750004 0.105239675 0.3141813703125 0.1095711671875 0.3345594453125
21 0.08235535468750001 0.43678514062499996 0.090117390625 0.47330265312500003 0.0889119125 0.452600903125 0.0978172234375 0.4524119203125 0.11948234531249999 0.5074433921875 0.10903040156249999 0.4714976375 0.09899996250000001 0.3918424265625 0.09941270625000001 0.3745452953125 0.099007303125 0.37684653749999997 0.078776096875 0.3838730546875 0.08235535468750001 0.43678514062499996