17 0.6108485734375 0.3845874953125 0.608669478125 0.4072147015625 0.6088742453125 0.44011769999999995 0.6468828421875 0.43762964843749996 0.67564659375 0.4245270671875 0.675107715625 0.3956886046875 0.6617549828125 0.3779601984375 0.6261866125 0.3731405828125 0.6108485734375 0.3845874953125
10 0.41230988281250003 0.4613321265625 0.5355815328125 0.43912344687499993 0.563155665625 0.419484746875 0.5832517703125 0.2942095953125 0.474659184375 0.3075075421875 0.34693440625 0.3416449390625 0.31920333125 0.37369690312500004 0.2728522078125 0.4468463984375 0.25440932968749996 0.4962926578125 0.41230988281250003 0.4613321265625
12 0.3778623203125 0.6036350890625 0.388824684375 0.623269315625 0.513346940625 0.58721685 0.498332034375 0.5682443421875 0.5032218875 0.506703175 0.46534060312500003 0.5229418015625 0.4238156 0.5483413140625 0.3778623203125 0.6036350890625
15 0.11048231718749998 0.6355089765625 0.1267757296875 0.5825260828125 0.10762330625000001 0.5826035375 0.0903996765625 0.612422075 0.08508900781249999 0.6644682468750001 0.1142643265625 0.666453553125 0.11048231718749998 0.6355089765625
22 0.5355551671875001 0.834487328125 0.5690174234375001 0.8425500734375 0.6133877140624999 0.8371123953125 0.6410550578125 0.8188516140625 0.6628250265625 0.7784822796875 0.6610290578125 0.7397510406250001 0.661967790625 0.7359338484375 0.6705897765625 0.7376777359375 0.8140005640625001 0.7065781859375 0.8571616421874999 0.7082716703124999 0.87191624375 0.7382317625 0.8887963609374999 0.7594035953125 0.9555188515624999 0.749214809375 0.962862653125 0.71330958125 0.960163328125 0.6545796 0.9528511890625 0.6136028765625 0.9321549578124999 0.5491138109375 0.9074079156250001 0.517234240625 0.88793063125 0.515783340625 0.878162359375 0.5412217312500001 0.8786919890625 0.5756530843750001 0.8933135249999999 0.651017809375 0.892146878125 0.6718324046874999 0.8522434406249999 0.6982849734375 0.8235612828125 0.7045048828125 0.6603748687500001 0.7258094171875 0.65400318125 0.68531169375 0.645965590625 0.6540736125 0.62437771875 0.6173293453124999 0.5919981484375 0.58148119375 0.5612105125 0.5728499390625 0.5411756984375 0.5950793015625 0.1510170875 0.8459375046875 0.176901146875 0.8831663203125 0.21049071718749998 0.9049796406249999 0.2546607140625 0.9051754624999999 0.2817595484375 0.8842400593749999 0.298257728125 0.8641601624999999 0.3122158265625 0.8375316828124999 0.30643634531249997 0.8296204390625 0.31686852656250003 0.8286555234374999 0.3072824515625 0.8164632609375 0.4984968328125 0.774997196875 0.49834500156250006 0.8078526625 0.5355551671875001 0.834487328125
16 0.2067460515625 0.50502606875 0.16886476718750001 0.5212646953125 0.1377973515625 0.549832628125 0.122479540625 0.582041534375 0.197309859375 0.5771180328125001 0.3517669875 0.5456848875 0.405598171875 0.5274537359375 0.44234243749999996 0.5058658640625 0.52771908125 0.46695220624999995 0.535096984375 0.443419634375 0.460257415625 0.4539360265625 0.2067460515625 0.50502606875
19 0.2466153859375 0.46620084375 0.24911934375000003 0.44510199375 0.20974380625000003 0.47403813906250003 0.2182225921875 0.4942002671875 0.2466153859375 0.46620084375
4 0.9248958734375 0.385325134375 0.8958571171875 0.3914975125 0.8992275609375 0.407354203125 0.9339135390625 0.434325725 0.9408547203125 0.46040560468749997 0.9526994765625 0.4578879234375 0.9464837453125 0.4220694015625 0.9248958734375 0.385325134375
11 0.68514204375 0.300107421875 0.6619326062499999 0.2623100984375 0.6292095234375 0.277452315625 0.6073869515625 0.3166347765625 0.5951054734375 0.368764909375 0.5861603359374999 0.4243790734375 0.639979784375 0.58645775 0.6559819828125 0.6683179859374999 0.6673466640625 0.708632990625 0.7209369453125001 0.69584429375 0.799133234375 0.6682409859375 0.791084665625 0.6106480203125 0.76149808125 0.510908940625 0.747729309375 0.43955615000000003 0.7139987031249999 0.371048646875 0.68514204375 0.300107421875
3 0.8698656703125 0.4439460015625 0.8304564843750001 0.33651066093750004 0.7586009484375 0.28309551875 0.7198965312500001 0.269158371875 0.66842811875 0.260929434375 0.6971574656249999 0.31812008281250004 0.7271511421875 0.3944105515625 0.7542589234375 0.45054814375 0.7600334578125 0.49744261874999995 0.784668640625 0.5804629968749999 0.8007548 0.6692940421875 0.8652438640625 0.6485978125 0.871852965625 0.6280241171875 0.8723193171875 0.5522478265624999 0.874464309375 0.5172479640625001 0.8804209421875001 0.48702883750000003 0.8698656703125 0.4439460015625
8 0.41611080312500004 0.6210636375 0.3821501234375 0.6256864171875 0.3751748390625 0.5872338796875 0.43184597187499996 0.534454175 0.40525206562499994 0.5305224421875 0.245021115625 0.5723679421875 0.126226584375 0.5846395656250001 0.114924165625 0.6798912609375 0.084707784375 0.68052335 0.08434968281250001 0.682596225 0.094162884375 0.7372183203125 0.0963296828125 0.7962611703125 0.1107178375 0.8395276828125 0.217049246875 0.8325009624999999 0.34004675624999997 0.8193359687499999 0.43845589374999994 0.793825915625 0.534697065625 0.775965009375 0.5493660171875 0.7566732796875 0.5343875484375 0.6166894328125 0.5437322578125 0.5751673265624999 0.4934598171875 0.6026258390625 0.41611080312500004 0.6210636375