19 0.169932334375 0.37746915 0.1834358859375 0.3753303984375 0.18110663124999998 0.3456417578125 0.1738929625 0.33630369375 0.162328075 0.336948909375 0.1526569421875 0.305852396875 0.132904259375 0.2985003171875 0.109176590625 0.3022584109375 0.0785994890625 0.3152089796875 0.0680464609375 0.3297339765625 0.0746694140625 0.35656734375 0.09178787656250001 0.3760037203125 0.14013885625 0.3728938609375 0.169932334375 0.37746915
17 0.6290160046875 0.2058838921875 0.6312805625 0.227672896875 0.6463153828125 0.24269335937499997 0.6810477765625 0.2559782625 0.684744190625 0.23561809843749998 0.6818415984375 0.21729185 0.6716103015625 0.20388354999999997 0.6290160046875 0.2058838921875
10 0.4983443515625 0.1162373703125 0.399489853125 0.122600271875 0.23411807499999998 0.15096780625 0.208065925 0.15628054375 0.16961974062500002 0.1694887171875 0.19471803906250001 0.31421935156249997 0.20350311875 0.3397215375 0.228850128125 0.34618756093749997 0.296963375 0.3492417796875 0.5316370140625 0.3039654953125 0.6405347156250001 0.2786101640625 0.660599540625 0.2592169453125 0.6445025234374999 0.2524723484375 0.5603959515625 0.16217404375 0.523612878125 0.128450490625 0.4983443515625 0.1162373703125
16 0.825684875 0.35389347187500003 0.8051917265625 0.3268839625 0.7622949125 0.29076703125000003 0.7369958343749999 0.2783610015625 0.67444876875 0.258012178125 0.6559865171875 0.2737898734375 0.6105650953125 0.2879050671875 0.514236959375 0.3114673234375 0.3622255515625 0.335543565625 0.3259492828125 0.34247564375 0.29733001875 0.3515566734375 0.26540496875 0.348505475 0.2364975453125 0.3495245125 0.20447724374999998 0.33838076875 0.194443628125 0.3561851984375 0.1918471421875 0.383490046875 0.1982771875 0.41035396718749995 0.21716057968750002 0.42595135937500006 0.2545007984375 0.47817489531249996 0.34327375 0.4955564296875 0.4180812546875 0.5046692765625 0.4623146765625 0.49054449531250005 0.6274078828125 0.45292696875000005 0.7067505390625 0.43324143125000003 0.7643443296875 0.41482535781249996 0.8162557218750001 0.40423043593749997 0.8244291578125 0.3821724453125 0.825684875 0.35389347187500003
15 0.2855847078125 0.505879959375 0.2684254921875 0.507411228125 0.286437190625 0.547469575 0.3119267703125 0.57606069375 0.34838395312500003 0.5865017046875 0.41550329062499997 0.613245246875 0.46107748125 0.6000945921875 0.47411195937499995 0.5725207578125 0.46722719843749994 0.5502770390625 0.43118459062500003 0.5362109187499999 0.407718728125 0.5353793625 0.3706235109375 0.52840110625 0.325880875 0.5180859 0.3120987515625 0.510974659375 0.2855847078125 0.505879959375
12 0.8624649296875001 0.4238052203125 0.8589380890625 0.3952949953125 0.8397857109375 0.36925961093750004 0.8292943609375 0.427872440625 0.821056228125 0.44203079375 0.85506969375 0.48074119218750005 0.8624649296875001 0.4238052203125
8 0.9528450671875 0.7235128 0.9712120671875001 0.6996425609375 0.9635269171875 0.681085059375 0.946784684375 0.6627755765625001 0.9341839937499999 0.620673728125 0.9142900062500001 0.48757687812499995 0.8978976484375 0.45774264843749995 0.8862878500000001 0.428139671875 0.8637511999999999 0.39571915468749996 0.8664063453124999 0.4486903375 0.8572012656249999 0.47921710156249997 0.823523890625 0.44262868906249997 0.837158671875 0.39637155 0.8410959265625 0.370040828125 0.8301313421875 0.3520027375 0.817596490625 0.4052045609375 0.7633702046875 0.41616612656249996 0.6968930640625 0.43717566718749995 0.4634721234375 0.49036117343749996 0.4169238078125 0.5048525984375 0.3649746828125 0.5002269703125 0.25181926093749996 0.47622664375 0.2622812 0.5048249421875 0.3140374171875 0.5094811234375001 0.344119053125 0.5221184046875 0.41660207656250003 0.5327858953125 0.4409845484375 0.5394046875 0.4681917390625 0.550124271875 0.47471944062500004 0.56886509375 0.466671809375 0.5992085375 0.4191188140625 0.614847821875 0.38650061562500004 0.606171740625 0.3150228828125 0.5743838343750001 0.2919740015625 0.5537115265625 0.2645978484375 0.5718897796875 0.23000500625 0.6169181671875 0.2683612453125 0.734237321875 0.2778466515625 0.78039203125 0.2843281765625 0.872504340625 0.319828 0.8981257625 0.3461491359375 0.9032510171875 0.41437142031249996 0.9007510468750001 0.587023971875 0.87340556875 0.6233481703125 0.8605334859375 0.681491928125 0.8455897531250001 0.7632375484375 0.8186024749999999 0.8998307265625 0.763351234375 0.9528450671875 0.7235128
14 0.1258721984375 0.15921365 0.12470516406250001 0.160584971875 0.1177646421875 0.212900740625 0.106243975 0.39111584375 0.1187721375 0.4939375375 0.1485996765625 0.6335686984375 0.1992499265625 0.7036565890625 0.1807649953125 0.5869473234375 0.1721866515625 0.48409327968750004 0.179157728125 0.4319704203125 0.1829925921875 0.3188449390625 0.1594986640625 0.174255690625 0.1416792625 0.15413934375 0.1258721984375 0.15921365
6 0.08036686562499999 0.23147977968750003 0.0624119921875 0.3316151234375 0.08510491875000001 0.49986314218750005 0.11609471874999999 0.6068796953125 0.14551135625 0.6303006453125 0.114616846875 0.467702065625 0.10584857343750001 0.3923649515625 0.12219736249999999 0.16098216875 0.1212214421875 0.158566028125 0.0952585453125 0.18067313125 0.08036686562499999 0.23147977968750003
22 0.19632159375 0.6527061468750001 0.22098255625 0.7959240734375 0.25812264687500003 0.8968250921875001 0.2729531796875 0.9093071984375 0.309798584375 0.903471459375 0.2786919140625 0.8706285781249999 0.2702261984375 0.7697341671875 0.225576528125 0.592703434375 0.2067207109375 0.5498125765624999 0.1947382328125 0.5902710984375 0.19570277187500001 0.5901183296875 0.19632159375 0.6527061468750001
22 0.12665488593750002 0.6710569125 0.09683146718749999 0.6463161609375 0.0792020359375 0.5350083156250001 0.0608207171875 0.46514869843750006 0.052871354687500004 0.46739648906250003 0.0555666390625 0.519372578125 0.066095640625 0.6033294406249999 0.0883734625 0.66782598125 0.12665488593750002 0.6710569125