19 0.401953125 0.232421875 0.4033203125 0.2513671875 0.45859375 0.26484375 0.4693359375 0.2755859375 0.4935546875 0.280859375 0.5001953125 0.2634765625 0.49765625 0.2390625 0.48671875 0.217578125 0.46796875 0.19609375 0.44375 0.190625 0.4181640625 0.190625 0.407421875 0.2041015625 0.401953125 0.232421875
21 0.065234375 0.3146484375 0.083984375 0.316015625 0.0853515625 0.3294921875 0.07734375 0.3630859375 0.0625 0.398046875 0.059765625 0.4439453125 0.059765625 0.4748046875 0.0666015625 0.54765625 0.071875 0.571875 0.1029296875 0.5759765625 0.1056640625 0.5138671875 0.1177734375 0.46015625 0.137890625 0.422265625 0.152734375 0.415625 0.1703125 0.43046875 0.18515625 0.4587890625 0.1986328125 0.49921875 0.2146484375 0.589453125 0.228125 0.590625 0.2228515625 0.5529296875 0.2146484375 0.437109375 0.21328125 0.3509765625 0.216015625 0.325390625 0.21875 0.28359375 0.1876953125 0.2822265625 0.108203125 0.2890625 0.0759765625 0.295703125 0.065234375 0.3146484375
14 0.333203125 0.3091796875 0.3318359375 0.427734375 0.3345703125 0.476171875 0.329296875 0.5234375 0.3345703125 0.590625 0.4732421875 0.598828125 0.47734375 0.56640625 0.4759765625 0.496484375 0.4841796875 0.325390625 0.489453125 0.295703125 0.5029296875 0.26484375 0.4880859375 0.193359375 0.45859375 0.1341796875 0.4396484375 0.1125 0.416796875 0.100390625 0.3736328125 0.0962890625 0.362890625 0.1462890625 0.3439453125 0.276953125 0.333203125 0.3091796875
6 0.2591796875 0.1583984375 0.2388671875 0.2673828125 0.228125 0.301171875 0.225390625 0.340234375 0.22421875 0.4654296875 0.230859375 0.5583984375 0.2470703125 0.58125 0.3345703125 0.590625 0.329296875 0.5556640625 0.3345703125 0.4546875 0.33046875 0.3779296875 0.333203125 0.3091796875 0.3466796875 0.2728515625 0.348046875 0.2337890625 0.368359375 0.1166015625 0.3669921875 0.09765625 0.3103515625 0.1125 0.2806640625 0.124609375 0.269921875 0.1314453125 0.2591796875 0.1583984375
10 0.5501953125 0.2404296875 0.6173828125 0.247265625 0.748046875 0.2673828125 0.6322265625 0.130078125 0.563671875 0.109765625 0.4921875 0.0990234375 0.455859375 0.100390625 0.465234375 0.121875 0.53125 0.23515625 0.5501953125 0.2404296875
16 0.6390625 0.2849609375 0.6591796875 0.2984375 0.6888671875 0.3064453125 0.7224609375 0.3267578125 0.86796875 0.344140625 0.9138671875 0.346875 0.9017578125 0.3171875 0.8734375 0.2943359375 0.8396484375 0.280859375 0.811328125 0.2728515625 0.78046875 0.26875 0.7455078125 0.26875 0.63359375 0.25 0.576953125 0.24453125 0.543359375 0.241796875 0.5541015625 0.2634765625 0.5837890625 0.2728515625 0.6134765625 0.2755859375 0.6390625 0.2849609375
15 0.7427734375 0.418359375 0.7884765625 0.4384765625 0.75078125 0.364453125 0.7359375 0.34296875 0.719921875 0.328125 0.69296875 0.3119140625 0.6712890625 0.305078125 0.651171875 0.2998046875 0.61875 0.2984375 0.630859375 0.3212890625 0.699609375 0.403515625 0.7427734375 0.418359375
8 0.651171875 0.544921875 0.660546875 0.62578125 0.7939453125 0.63515625 0.900390625 0.632421875 0.93125 0.6310546875 0.9474609375 0.61640625 0.954296875 0.583984375 0.9501953125 0.5638671875 0.9515625 0.49921875 0.94609375 0.4560546875 0.9298828125 0.3845703125 0.91640625 0.349609375 0.7224609375 0.3306640625 0.765625 0.39140625 0.7953125 0.4453125 0.7615234375 0.427734375 0.7037109375 0.4048828125 0.6833984375 0.38203125 0.6646484375 0.36171875 0.6173828125 0.4318359375 0.6322265625 0.4681640625 0.64296875 0.505859375 0.651171875 0.544921875
22 0.1392578125 0.72265625 0.1689453125 0.7201171875 0.1837890625 0.6998046875 0.197265625 0.63515625 0.1986328125 0.59609375 0.1958984375 0.5556640625 0.4496550859375 0.4814370015625 0.547394446875 0.48230967343750003 0.552734375 0.4869140625 0.52578125 0.5408203125 0.5111328125 0.6419921875 0.5298828125 0.745703125 0.5501953125 0.7833984375 0.573046875 0.796875 0.602734375 0.79140625 0.6349609375 0.7578125 0.65390625 0.695703125 0.6591796875 0.662109375 0.655078125 0.559765625 0.6443359375 0.5044921875 0.6255859375 0.4830078125 0.6158120015625 0.48292054531249995 0.6143229156250001 0.478515625 0.6060380640624999 0.4828332765625 0.603059896875 0.4740234375 0.591796875 0.46953125 0.596264128125 0.482746009375 0.58649019375 0.48265874374999995 0.58203125 0.473876953125 0.57671625625 0.48257147656250005 0.572265625 0.47822265625 0.43988115 0.481349734375 0.1662109375 0.47890625 0.1365234375 0.496484375 0.1244140625 0.5234375 0.1197265625 0.54296875 0.1150390625 0.5625 0.1150390625 0.6392578125 0.1177734375 0.6796875 0.1392578125 0.72265625
22 0.7771484375 0.7423828125 0.787890625 0.755078125 0.801171875 0.7626953125 0.823828125 0.765234375 0.8384765625 0.7626953125 0.85859375 0.744921875 0.8712890625 0.715234375 0.8857421875 0.6705078125 0.8826171875 0.6357421875 0.8478515625 0.6357421875 0.844140625 0.6578125 0.8294921875 0.6818359375 0.811328125 0.6962890625 0.7822265625 0.7013671875 0.759375 0.69453125 0.7587890625 0.695703125 0.76640625 0.722265625 0.7771484375 0.7423828125
22 0.3580078125 0.712109375 0.36875 0.7234375 0.3951171875 0.7248046875 0.4123046875 0.722265625 0.4248046875 0.7158203125 0.4451171875 0.6880859375 0.4501953125 0.6541015625 0.340234375 0.6427734375 0.3427734375 0.64453125 0.3466796875 0.6767578125 0.3580078125 0.712109375