10 0.3358609609375 0.350504453125 0.347860540625 0.366565734375 0.397944059375 0.3914225609375 0.5431976890625 0.44154349687499994 0.5958526578125001 0.4531713625 0.627343003125 0.4539203265625 0.64884170625 0.4415848984375 0.7238984296875 0.3174936796875 0.549241871875 0.26305016875 0.5041867171875001 0.254292334375 0.47623854374999997 0.2639813359375 0.3358609609375 0.350504453125
17 0.6894615984375 0.465994959375 0.7526236796875 0.47270131718749997 0.76421605 0.4488898234375 0.7565726953125 0.43088975312500005 0.7175243046875 0.4137490453125 0.7042540171875 0.431862246875 0.69684186875 0.4495224078125 0.6894615984375 0.465994959375
22 0.8037451484375 0.6611127140625 0.8069155328125 0.6877937953125 0.844999471875 0.696589340625 0.8681011156249999 0.683172715625 0.8845714515624999 0.6547382953125 0.9010835578125 0.6127821640625 0.9116679375000001 0.56549546875 0.9093551468750001 0.541567671875 0.8968338234375001 0.528190528125 0.8813319953125 0.544477184375 0.8667254703125 0.5704883374999999 0.8324067890625001 0.6487768421875 0.7538112484374999 0.65394891875 0.6339698874999999 0.636755803125 0.62608533125 0.6415680734375 0.6230934859375 0.6313697265625 0.6139963265625 0.6338902859375 0.616744896875 0.62376870625 0.6040477156249999 0.608566665625 0.5694305281250001 0.596266659375 0.5429341953125 0.6158878234375 0.544088865625 0.6238609687500001 0.534102084375 0.6224282109375 0.501311365625 0.692856028125 0.4827122859375 0.7455487078124999 0.475258809375 0.78389351875 0.459090671875 0.7903012203124999 0.4630378390625 0.8047972718749999 0.491770840625 0.8268967546875 0.52717064375 0.8351705562499999 0.5525096578124999 0.8317393 0.578220459375 0.8120649296875 0.6106079531249999 0.7662307765625 0.6248786281250001 0.7347822015625 0.6305055609375 0.6986689296875 0.6320690203125 0.66196476875 0.763798028125 0.6553816765625 0.8037451484375 0.6611127140625
16 0.173273346875 0.5727839234375 0.23032807968750002 0.5976030390625 0.3151392609375 0.6126958859375 0.3814718015625 0.5611239609374999 0.42682332343749996 0.5396962515625 0.543494425 0.5034802578125 0.6055793703125001 0.48809075 0.615307928125 0.466702521875 0.610684559375 0.45466161562499996 0.586649903125 0.451382528125 0.5512501000000001 0.4431087265625 0.449071065625 0.4109111125 0.3928366578125 0.3890370046875 0.3510664203125 0.364403340625 0.33385302499999997 0.3475275640625 0.226602009375 0.3690602859375 0.17473186875 0.389220903125 0.1363852109375 0.4380750421875 0.1251664015625 0.47429517031249996 0.119315865625 0.511558784375 0.14010914375 0.545843740625 0.173273346875 0.5727839234375
12 0.40833877812499997 0.54983201875 0.361682896875 0.5779700703125 0.31808427031250003 0.6118755609375001 0.39208975625 0.6262607703125 0.4246612984375 0.6286126750000001 0.45786099843750006 0.6267093828125 0.4745549390625 0.59712461875 0.5027680421875 0.5656006234375 0.5181948937499999 0.542534478125 0.5198333296875 0.5126098046875 0.4668442828125 0.52419626875 0.40833877812499997 0.54983201875
8 0.24530262656250001 0.7529233640624999 0.3096585921875 0.774983365625 0.3628353046875 0.7839270953125 0.47436933750000004 0.782327846875 0.4934466203125 0.7118209921875 0.5357050250000001 0.6213470140624999 0.4629684 0.6290949375 0.41612441093749997 0.6295398578125 0.2709044328125 0.6068830609375 0.2135946578125 0.5915648375 0.1705200625 0.573641515625 0.1441353484375 0.54662635625 0.11797379687500001 0.5112979140625 0.10657499687500001 0.478839059375 0.0895829171875 0.5099576156250001 0.0731480015625 0.5945079265625 0.072474015625 0.6327777609374999 0.11737692500000001 0.6771212921875 0.17811795625 0.717778528125 0.24530262656250001 0.7529233640624999
15 0.1081779375 0.4777578625 0.11924088749999999 0.5047792953125 0.131465475 0.4562196796875 0.1387707671875 0.4329676390625 0.16053440000000002 0.3987972171875 0.1373160109375 0.4189560640625 0.11842240781249999 0.445526671875 0.1081779375 0.4777578625
19 0.3642222484375 0.30388768593750004 0.360868184375 0.3211428515625 0.3696241734375 0.3323953125 0.39872675 0.3024369890625 0.3892254125 0.295019009375 0.3642222484375 0.30388768593750004
11 0.6855499265625 0.4226554328125 0.6671048609375 0.46841416562499993 0.660319465625 0.5452896828125 0.6534631531249999 0.5948927859375 0.6345694765625 0.706422759375 0.779672784375 0.6508624125 0.7861241 0.597201225 0.802932575 0.52505955 0.8092298765624999 0.4783323078125 0.8046105671875001 0.44579847656249993 0.8044602453125 0.34011719375 0.7995050859374999 0.302145940625 0.7570608625 0.31578211093749997 0.7316486421875 0.341085628125 0.7088415218749999 0.3806243234375 0.6855499265625 0.4226554328125
3 0.843694746875 0.6111773781250001 0.8919536421875 0.4969987640625 0.8967606921875 0.46510342343750005 0.887593434375 0.4344711140625 0.8856582609375 0.402459025 0.8807408125 0.37145898593750004 0.8704923578124999 0.3392237375 0.8303250609375 0.3135088765625 0.805693684375 0.3061344359375 0.8084846046875 0.3972074234375 0.8065812359375 0.4489670890625 0.8103110734375001 0.4799352484375 0.7971511859375 0.5609438296875 0.786944425 0.6001462328125 0.7836989890625 0.651645028125 0.8312129046875001 0.6334231984375001 0.843694746875 0.6111773781250001
4 0.9525129124999999 0.440325265625 0.9453913015625 0.41964105937499996 0.936301234375 0.43160292812499995 0.9346627968749999 0.4615276 0.951801215625 0.4716238875 0.9525129124999999 0.440325265625