17 0.825740946875 0.3911500578125 0.8364517843750001 0.36405673437499997 0.833052971875 0.3391223015625 0.8127018781249999 0.32955625624999996 0.7792416484375 0.3248537265625 0.7626699171875 0.33751435 0.756047909375 0.36498508749999997 0.7419413968749999 0.36852504218750004 0.7394029875 0.4062340578125 0.7575188765624999 0.392409828125 0.80854611875 0.3970172234375 0.825740946875 0.3911500578125
12 0.45536055312499996 0.5594045734375 0.5009722671875 0.5632508671875 0.6114866937500001 0.551564646875 0.6360123625 0.5019561109375 0.64111739375 0.47545556875 0.6369877984375 0.45712431562500005 0.5594328296875 0.44760530000000004 0.5139110171875 0.4711868828125 0.4916383390625 0.5033611796875 0.47143464843749994 0.52221725 0.45536055312499996 0.5594045734375
16 0.481785853125 0.45838824375 0.52124811875 0.46669555 0.5540173 0.446844196875 0.5793542375 0.45040507031250004 0.6529416718750001 0.3913214640625 0.654197284375 0.3725636625 0.6054972546874999 0.3710445828125 0.527322325 0.3561131734375 0.4774586875 0.3530499359375 0.409921403125 0.33961355000000004 0.229121159375 0.3195289953125 0.182104325 0.3537482234375 0.13387788437499998 0.37833031875 0.1414763484375 0.39162659375 0.13321505 0.402693925 0.164747434375 0.40988675937499996 0.239975190625 0.4163174609375 0.46110020625 0.45962293593750003 0.481785853125 0.45838824375
8 0.11008926249999999 0.4605857109375 0.101303134375 0.4838076625 0.0758679296875 0.4612987109375 0.055523096875 0.490982703125 0.04868363125 0.520000734375 0.037123840625 0.65979141875 0.0420887640625 0.693229696875 0.09558748593750001 0.7279664609375 0.14671299843750002 0.751521934375 0.22006517812499998 0.77129804375 0.2955051625 0.7860423140624999 0.41038859531250005 0.8008075031249999 0.534536975 0.8085910546875 0.5816708953124999 0.8016062906249999 0.5978892671875 0.7549721109374999 0.6014010078124999 0.7201611359375 0.625357953125 0.6268844109375 0.64129090625 0.6005250078125 0.6519714249999999 0.5722440328125 0.638797475 0.560728190625 0.6105133625 0.5486666078125 0.567247678125 0.556195015625 0.49845477968749996 0.5615164328125 0.45400667187500005 0.5592142984375 0.47143464843749994 0.52221725 0.5239558828125 0.46707610156249996 0.489878828125 0.4583422453125 0.4597463234375 0.459432659375 0.3163696875 0.4256733828125 0.1865966875 0.41019622499999997 0.1645571578125 0.4112406421875 0.129153403125 0.40212309843750005 0.11500401874999999 0.43543905 0.11008926249999999 0.4605857109375
15 0.1354220421875 0.3771667125 0.10885144375 0.402031090625 0.08869375 0.42898013593749995 0.08090290624999999 0.464767578125 0.1007323078125 0.487869309375 0.1167384515625 0.4329215609375 0.1283923 0.4075386265625 0.1354220421875 0.3771667125
19 0.24379537343750002 0.274058421875 0.2375267359375 0.2990148078125 0.24030245 0.317155784375 0.2862968203125 0.270564478125 0.2625040421875 0.265839996875 0.24379537343750002 0.274058421875
22 0.69947226875 0.6903558921874999 0.69749739375 0.6356423234374999 0.6851493718749999 0.5986024046875 0.6636095828124999 0.576443684375 0.6347337234375 0.6078871984374999 0.624406575 0.6336538203125001 0.6065520375 0.7017535671874999 0.599098871875 0.7646092437500001 0.5838078328125 0.8060484890625 0.5455279890625 0.8075717265625 0.5605137203125 0.8749616078125 0.6206616328125001 0.8820342218749999 0.642461753125 0.8728696484375 0.6697443203125 0.8331157031249999 0.6819501796874999 0.795384734375 0.693510990625 0.741192859375 0.69947226875 0.6903558921874999
11 0.7374824359375001 0.49708530156249997 0.7177083765625001 0.705147190625 0.7396956359375 0.6932476703125 0.834773725 0.64684874375 0.8449346546875001 0.58437361875 0.8716694203124999 0.461508034375 0.8651572140624999 0.391364390625 0.851764775 0.332284940625 0.8353969484375 0.21578729531250002 0.8180630843750001 0.184752546875 0.7894475546875 0.1848727671875 0.7659433203125 0.1977424828125 0.728569878125 0.27000214375 0.7159834671875001 0.310440875 0.72002419375 0.35045515156249996 0.7350810109375 0.4369865234375 0.7374824359375001 0.49708530156249997
3 0.8206830296875 0.18295120468749998 0.8408135187499999 0.2291713890625 0.8735429 0.4594045515625 0.837390534375 0.6436663375 0.8892280250000001 0.6158443359375 0.921997228125 0.5230171640625 0.9486002593749999 0.41512269375 0.9321989687500001 0.332544240625 0.9093826765624999 0.259123046875 0.8796662828124999 0.21234457812500002 0.8507256203125 0.19092082187499998 0.8219250468749999 0.18253406249999998 0.8206830296875 0.18295120468749998
22 0.85114471875 0.655263728125 0.854474528125 0.6863026546875 0.8645695703125 0.7042889031249999 0.8926811812500001 0.7133677625 0.907391975 0.7083348796875 0.9223285921875 0.6932749046875 0.9336092140625001 0.6494969453125 0.9461266328125 0.578674796875 0.94296410625 0.5239915468749999 0.9306422140624999 0.5106231328125 0.8997757578125001 0.6263993921875 0.8522236421875 0.65600705625 0.85114471875 0.655263728125
10 0.46698941875 0.158094034375 0.4345182 0.16319486875 0.433082771875 0.163584828125 0.261597609375 0.3045673 0.6712133390624999 0.3609516453125 0.7540897984375 0.183848196875 0.5716847609375 0.16255194374999998 0.46698941875 0.158094034375