19 0.418359375 0.4115234375 0.404296875 0.402734375 0.376171875 0.40625 0.365625 0.422265625 0.3638671875 0.4521484375 0.37265625 0.4697265625 0.39375 0.4732421875 0.4166015625 0.45390625 0.421875 0.4310546875 0.418359375 0.4115234375
17 0.86171875 0.35703125 0.837109375 0.3517578125 0.8177734375 0.3587890625 0.80546875 0.374609375 0.80546875 0.4169921875 0.7966796875 0.4205078125 0.808984375 0.43984375 0.8599609375 0.4205078125 0.877734375 0.4009765625 0.8759765625 0.378125 0.86171875 0.35703125
10 0.4798828125 0.450390625 0.6013671875 0.4310546875 0.7703125 0.4169921875 0.76328125 0.2708984375 0.4923828125 0.3078125 0.474609375 0.3447265625 0.4306640625 0.45390625 0.4798828125 0.450390625
16 0.4833984375 0.4521484375 0.42890625 0.4556640625 0.376171875 0.4890625 0.3603515625 0.513671875 0.3462890625 0.548828125 0.3990234375 0.5470703125 0.72109375 0.5119140625 0.731640625 0.4697265625 0.7509765625 0.4416015625 0.7720703125 0.422265625 0.7228515625 0.422265625 0.5345703125 0.4416015625 0.4833984375 0.4521484375
15 0.4025390625 0.598046875 0.4095703125 0.5734375 0.425390625 0.5453125 0.3744140625 0.548828125 0.341015625 0.55234375 0.3287109375 0.6015625 0.35859375 0.6123046875 0.3796875 0.6158203125 0.4025390625 0.598046875
12 0.6982421875 0.5787109375 0.731640625 0.5646484375 0.7439453125 0.55234375 0.74921875 0.5259765625 0.7439453125 0.5154296875 0.6681640625 0.520703125 0.6224609375 0.53125 0.6400390625 0.5787109375 0.6541015625 0.576953125 0.6611328125 0.5875 0.6982421875 0.5787109375
11 0.7857421875 0.271875 0.7876953125 0.359765625 0.8078125 0.465234375 0.8115234375 0.5212890625 0.823046875 0.56796875 0.8337890625 0.6380859375 0.8318359375 0.6955078125 0.8708984375 0.6830078125 0.878515625 0.636328125 0.8748046875 0.494140625 0.8564453125 0.4248046875 0.802734375 0.254296875 0.802734375 0.25546875 0.793359375 0.261328125 0.7857421875 0.271875
3 0.876171875 0.496875 0.8794921875 0.6294921875 0.871875 0.6818359375 0.8990234375 0.67421875 0.9287109375 0.488671875 0.9083984375 0.4091796875 0.896484375 0.3990234375 0.8509765625 0.2587890625 0.813671875 0.2537109375 0.80546875 0.2537109375 0.8623046875 0.4369140625 0.876171875 0.496875
22 0.3322265625 0.89765625 0.3505859375 0.9302734375 0.406640625 0.9333984375 0.4345703125 0.921875 0.4474609375 0.8962890625 0.4595703125 0.8431640625 0.4248046875 0.8234375 0.365625 0.8044921875 0.331640625 0.786328125 0.31875 0.762890625 0.31640625 0.762109375 0.31953125 0.837109375 0.3322265625 0.89765625
22 0.7482421875 0.8826171875 0.7708984375 0.90078125 0.7974609375 0.9015625 0.81875 0.885546875 0.830859375 0.8583984375 0.8376953125 0.8158203125 0.83984375 0.77578125 0.8361328125 0.7294921875 0.8248046875 0.675 0.8111328125 0.637890625 0.790625 0.6265625 0.776171875 0.640234375 0.7701171875 0.6689453125 0.756640625 0.80234375 0.71640625 0.82265625 0.7140625 0.8212890625 0.7216796875 0.85078125 0.7482421875 0.8826171875
22 0.8990234375 0.837109375 0.9474609375 0.837890625 0.9619140625 0.8294921875 0.965625 0.7916015625 0.9634765625 0.7 0.955078125 0.639453125 0.94140625 0.59921875 0.930859375 0.59765625 0.9224609375 0.6923828125 0.9216796875 0.735546875 0.881640625 0.7568359375 0.880859375 0.7537109375 0.881640625 0.7794921875 0.8990234375 0.837109375
8 0.3201171875 0.738671875 0.327734375 0.778125 0.3587890625 0.7962890625 0.4072265625 0.8037109375 0.5126953125 0.7923828125 0.755078125 0.7802734375 0.7708984375 0.65234375 0.7466796875 0.5591796875 0.6869140625 0.587890625 0.655078125 0.590234375 0.6376953125 0.578125 0.51875 0.603125 0.39296875 0.6052734375 0.3755859375 0.6189453125 0.3361328125 0.610546875 0.3232421875 0.6037109375 0.3232421875 0.6052734375 0.315625 0.6712890625 0.3201171875 0.738671875