17 0.68359375 0.4142578125 0.6498046875 0.4021484375 0.632421875 0.41015625 0.6255859375 0.4318359375 0.6189453125 0.4640625 0.656640625 0.46953125 0.6875 0.4626953125 0.69296875 0.434375 0.68359375 0.4142578125
10 0.260546875 0.4453125 0.422265625 0.4439453125 0.5474609375 0.4478515625 0.578515625 0.434375 0.62421875 0.316015625 0.515234375 0.3064453125 0.383203125 0.31328125 0.3494140625 0.3388671875 0.2888671875 0.40078125 0.260546875 0.4453125
12 0.5017578125 0.5072265625 0.461328125 0.515234375 0.4154296875 0.5314453125 0.358984375 0.5759765625 0.365625 0.5974609375 0.494921875 0.5880859375 0.4841796875 0.56640625 0.5017578125 0.5072265625
15 0.0990234375 0.49921875 0.0759765625 0.5248046875 0.0599609375 0.574609375 0.0880859375 0.5826171875 0.0908203125 0.5515625 0.1177734375 0.503125 0.0990234375 0.49921875
22 0.1326171875 0.8359375 0.17578125 0.8453125 0.206640625 0.83046875 0.226953125 0.8142578125 0.246142578125 0.79111328125 0.24213423281250002 0.7821732953125 0.2525390625 0.7833984375 0.24569738124999999 0.7694795484375 0.4413545484375 0.768675321875 0.434375 0.80078125 0.465234375 0.8345703125 0.4962890625 0.8494140625 0.5408203125 0.8533203125 0.5716796875 0.8412109375 0.6013671875 0.80625 0.6076631421875 0.7679917281249999 0.609375 0.764453125 0.6174460015625 0.767951515625 0.7641888781249999 0.7673483453125 0.8060546875 0.777978515625 0.8142578125 0.8103515625 0.8263671875 0.8345703125 0.89375 0.8384765625 0.9083984375 0.8048828125 0.91796875 0.746875 0.9193359375 0.7052734375 0.9125 0.637890625 0.894921875 0.6015625 0.876171875 0.59609375 0.861328125 0.6189453125 0.8546875 0.652734375 0.8533203125 0.7294921875 0.8478515625 0.749609375 0.8033203125 0.7671875 0.7739717359375 0.767308134375 0.6099218750000001 0.7542187499999999 0.612109375 0.71328125 0.6107421875 0.6810546875 0.597265625 0.640625 0.573046875 0.598828125 0.5447265625 0.583984375 0.5205078125 0.6015625 0.08671875 0.7658203125 0.104296875 0.8076171875 0.1326171875 0.8359375
16 0.1716796875 0.451953125 0.1353515625 0.4734375 0.113671875 0.5017578125 0.187890625 0.5125 0.3455078125 0.5138671875 0.401953125 0.5072265625 0.4423828125 0.49375 0.533984375 0.4734375 0.54609375 0.451953125 0.470703125 0.4466796875 0.212109375 0.4439453125 0.1716796875 0.451953125
19 0.221484375 0.4142578125 0.2255859375 0.4357421875 0.2591796875 0.4142578125 0.266015625 0.394140625 0.221484375 0.4142578125
4 0.939453125 0.5529296875 0.9515625 0.5529296875 0.9529296875 0.5166015625 0.939453125 0.476171875 0.909765625 0.476171875 0.909765625 0.4923828125 0.9380859375 0.5259765625 0.939453125 0.5529296875
11 0.6 0.4439453125 0.6189453125 0.613671875 0.617578125 0.6970703125 0.6203125 0.7388671875 0.675390625 0.7375 0.7576171875 0.7267578125 0.76171875 0.66875 0.753515625 0.5650390625 0.7548828125 0.4923828125 0.7361328125 0.418359375 0.72265625 0.34296875 0.7078125 0.301171875 0.67265625 0.3091796875 0.6431640625 0.34296875 0.6203125 0.39140625 0.6 0.4439453125
3 0.744140625 0.4439453125 0.758984375 0.5044921875 0.7548828125 0.5515625 0.76171875 0.637890625 0.758984375 0.728125 0.8263671875 0.7212890625 0.837109375 0.7025390625 0.8533203125 0.628515625 0.8626953125 0.5947265625 0.8748046875 0.56640625 0.8734375 0.5220703125 0.8572265625 0.4087890625 0.798046875 0.3416015625 0.7630859375 0.319921875 0.714453125 0.301171875 0.7306640625 0.3630859375 0.744140625 0.4439453125
8 0.0435546875 0.705859375 0.0486328125 0.751171875 0.1541015625 0.76640625 0.2771484375 0.7791015625 0.3787109375 0.774609375 0.4765625 0.7771484375 0.494921875 0.761328125 0.509375 0.6212890625 0.5271484375 0.5826171875 0.472265625 0.5990234375 0.3927734375 0.6009765625 0.35859375 0.5984375 0.359765625 0.559375 0.426171875 0.51953125 0.4009765625 0.51015625 0.235546875 0.5177734375 0.116796875 0.505078125 0.0859375 0.5958984375 0.05625 0.590234375 0.05546875 0.5921875 0.0537109375 0.64765625 0.0435546875 0.705859375