17 0.6126754875 0.2964400390625 0.6061916843749999 0.316673465625 0.6066859421874999 0.34498946406250003 0.597360090625 0.3478870390625 0.60185984375 0.3706635390625 0.6728346765625 0.352039209375 0.6710416140625 0.327652725 0.659997690625 0.3104600375 0.632813471875 0.297455925 0.6126754875 0.2964400390625
19 0.26415955 0.3173694171875 0.25635648906249997 0.3403606640625 0.26337886250000003 0.3509819125 0.289741590625 0.31692288125 0.293412046875 0.3033801984375 0.26415955 0.3173694171875
10 0.36095172343750004 0.233440815625 0.318523690625 0.27598464218749996 0.2910608484375 0.3141650625 0.2714331765625 0.353576115625 0.44250086875 0.3505901171875 0.4857299390625 0.3539377390625 0.5448051703125001 0.34743699375000003 0.5605671015625 0.3215720328125 0.5889820546875 0.2484087296875 0.6161619765624999 0.19401984218749999 0.4532484390625 0.1941287171875 0.4074728875 0.20156936875000003 0.36095172343750004 0.233440815625
16 0.4439597796875 0.4341711359375 0.4947454984375 0.411601678125 0.5172663484375 0.39245571875 0.525066 0.3692691890625 0.5192708500000001 0.3506174875 0.4802858828125 0.35540016093750004 0.44250086875 0.3505901171875 0.321230278125 0.35270690312499997 0.27685337187500003 0.3507467140625 0.2525462765625 0.3458967546875 0.2190657328125 0.3638666203125 0.15381347812499999 0.408176240625 0.13819130156249998 0.44204779375000003 0.15216006875000002 0.47012859375 0.17277625624999998 0.487349540625 0.24959396093750003 0.49011086875 0.32747186250000004 0.475272890625 0.4439597796875 0.4341711359375
12 0.4360213609375 0.438216546875 0.3595742140625 0.4678755625 0.3398589046875 0.49107473749999997 0.3009216578125 0.49859136875 0.28219056875000004 0.511029540625 0.3216220734375 0.5318289093749999 0.363344409375 0.5271937984374999 0.40225779531250005 0.5183101875 0.42082526875 0.49649844375 0.45130158125 0.4742834875 0.48457078750000004 0.4442060921875 0.4934501015625 0.41572647656250006 0.4360213609375 0.438216546875
15 0.147405553125 0.49990360625 0.13178688593750001 0.45563819843750003 0.1406457484375 0.42598688593749995 0.11958732187500001 0.45057690156249997 0.10691044062499999 0.4965082640625 0.124884703125 0.519049565625 0.147405553125 0.49990360625
8 0.13828674531250001 0.4475157109375 0.13044376875000002 0.4570290390625 0.142973975 0.48103276250000004 0.1460862953125 0.5026614265625 0.122222328125 0.523198225 0.10837286406249999 0.5019523203125 0.0943528640625 0.5492745234374999 0.091380196875 0.613984696875 0.0962583125 0.6584375828125 0.0927913875 0.6948317562499999 0.10965773125 0.7322384078125 0.1395281859375 0.742460840625 0.1840243953125 0.7512559265625 0.2920999875 0.765387525 0.3418970890625 0.7645183140625 0.34993534843749996 0.7550015765625 0.43457216875000004 0.7468826 0.46936075625000007 0.7367035921875 0.480858134375 0.7015366421875 0.48526936249999997 0.6409035453125 0.4925464984375 0.5989732812499999 0.51198669375 0.5488216765625 0.48430821718750006 0.5075015640625 0.4540355390625 0.47423576718750005 0.4195298703125 0.5006232421875 0.397080603125 0.5238701390625 0.35941489375 0.5258949921875 0.325746871875 0.53312430625 0.28360526875000003 0.5137396390625 0.2995308171875 0.49724825 0.33573410625 0.489779340625 0.3502006421875 0.4680391796875 0.29407070625 0.4865997328125 0.25896753281249996 0.489947253125 0.1714569984375 0.49010735937499994 0.1522555125 0.47559651093750005 0.13828674531250001 0.4475157109375
11 0.60260965 0.4919579890625 0.616428234375 0.6681108390625 0.7570630390625 0.622680753125 0.760178971875 0.4878402109375 0.7486126343749999 0.37357154375 0.7250147453125 0.2526759078125 0.7036325953125 0.1803818171875 0.6698964000000001 0.183705475 0.6431109968750001 0.1935494453125 0.6193901937499999 0.22228811875 0.5780709671875 0.3171643140625 0.574300671875 0.3361783234375 0.5789640406250001 0.3683283953125 0.600513215625 0.4501913421875 0.60260965 0.4919579890625
3 0.7607413015625 0.5983941109375001 0.767708146875 0.617025359375 0.802671565625 0.605671246875 0.8278786531250001 0.5837436078125 0.8387147484374999 0.5106918031250001 0.85014054375 0.47142391562499997 0.8574415421875001 0.43086062968750005 0.856245096875 0.3623163828125 0.8475567703125 0.3233995890625 0.8038369515625 0.21359900625 0.777971990625 0.1978370734375 0.7563511328125 0.19020543437499998 0.710272209375 0.18026592187499998 0.7516056515625 0.3883653109375 0.7614982296874999 0.48508239218750004 0.7607413015625 0.5983941109375001
4 0.8610312796875 0.323164390625 0.8762000015625 0.341652475 0.8903323859375 0.37910684843750003 0.8945721921875001 0.31984413906250003 0.8768852468749999 0.3025720640625 0.8771204453125 0.3160465734375 0.8610312796875 0.323164390625
22 0.81114855625 0.6324805109375 0.8157676125 0.6620919078124999 0.8269308390625 0.6861194921875 0.87668021875 0.682516321875 0.8997670093749999 0.6174550546875001 0.9018669546875 0.5810847421875 0.8980047265625 0.5164938718750001 0.8824815015624999 0.4776963796875 0.862295796875 0.4739465359375 0.8519301984375 0.495615115625 0.8393964828125 0.5497483546875 0.8373203984375 0.587485646875 0.8286047 0.625338834375 0.74392533125 0.6147750140625 0.5710656125 0.5692465921875 0.568942021875 0.5719522859375 0.5614622953125 0.566717234375 0.564030015625 0.5619290640625 0.5591180109375 0.5519058421875 0.5293030828124999 0.5336734062499999 0.5213743953125001 0.543871928125 0.523049025 0.55659980625 0.5134457078125 0.55407045 0.50308351875 0.5759343125 0.48257971718750003 0.6434899421875 0.48314555625000005 0.6759068796875 0.47980233281249995 0.7081967078125 0.47202654062500005 0.732750215625 0.46149732656250003 0.7450452234375 0.47708872500000005 0.7877483703125 0.4990879453125 0.81705639375 0.5449316718749999 0.8135213968749999 0.5606857984375 0.798400396875 0.5804327734375 0.765824240625 0.589148471875 0.727971053125 0.5896905515624999 0.680688765625 0.5836213734375 0.631416525 0.7535286515624999 0.6173043703125 0.81114855625 0.6324805109375