19 0.4564364328125 0.389387628125 0.4763473953125 0.3754458234375 0.476787359375 0.3662021015625 0.4656424828125 0.36304700625 0.439982990625 0.37022374999999996 0.43771252031249996 0.3965973484375 0.4564364328125 0.389387628125
17 0.7960209984375 0.4014691015625 0.7835892046875 0.4191095921875 0.7813846859375 0.43161203437499995 0.77349853125 0.43022149218749994 0.7779931203125 0.45084655937499996 0.8234534953124999 0.4517227328125 0.8358852890625 0.4340822421875 0.8377157953125 0.4169523640625 0.821772965625 0.40838977343750005 0.7960209984375 0.4014691015625
10 0.7545004750000001 0.4187402765625 0.7866429015625 0.329806584375 0.7541588484374999 0.3216988640625 0.667570034375 0.310000778125 0.6040631203125 0.3057441890625 0.5628459593749999 0.307797790625 0.5404233609375 0.3224866796875 0.4666307328125 0.39118515781249996 0.7436966328125 0.42714819375 0.7545004750000001 0.4187402765625
12 0.7011415078125001 0.48965348124999997 0.7095224328125 0.4691171328125 0.6798571359375 0.4720176875 0.6342978328125 0.49194825 0.6051101734375 0.51238566875 0.6125563640625 0.5230199328125 0.703398603125 0.5297165703125 0.6989040140625 0.5090915015624999 0.7011415078125001 0.48965348124999997
15 0.3588928609375 0.4398170640625 0.350510996875 0.45361017812500004 0.34532189999999996 0.48303900468750005 0.3783834578125 0.4946200890625 0.385473709375 0.46790639375 0.38228094218750003 0.452270684375 0.3894051078125 0.42536464531249996 0.373577053125 0.428523496875 0.3588928609375 0.4398170640625
16 0.4100961296875 0.4069988984375 0.399258371875 0.41559916093749993 0.39708777031250003 0.4279092578125 0.4636280828125 0.4408320640625 0.643729203125 0.458705965625 0.6634376093750001 0.45266146406249996 0.7325884890625 0.4440304515625 0.7394422703125 0.42540640781250005 0.6913564234375 0.420299109375 0.46160745781249996 0.39267932499999997 0.4100961296875 0.4069988984375
8 0.66239491875 0.6835268296875 0.6833563265625 0.6568790875 0.7145434796875 0.532871665625 0.605021453125 0.5252611828125 0.6033785968750001 0.5087088109375 0.632600171875 0.488079046875 0.6594355625 0.47535820624999997 0.6464554828125 0.45561682187499997 0.6210324625 0.45470391718750003 0.47131074531249995 0.44337667812500003 0.39171325156250003 0.4257716328125 0.38441950625 0.45363939843749995 0.386979025 0.47174168125 0.38219691718750004 0.49886236406249995 0.340694465625 0.48341301562499994 0.3243763375 0.5422149234375 0.32048261093749997 0.611537259375 0.3235527421875 0.6402408281249999 0.4159230640625 0.651768396875 0.5248016328125 0.669776671875 0.66239491875 0.6835268296875
22 0.55743813125 0.7163864234374999 0.58394833125 0.7246307453124999 0.6044367984375 0.714162303125 0.614527471875 0.703050403125 0.621381253125 0.684426359375 0.6334767078125 0.6889390203125 0.6440599234375 0.7211489296875 0.6551718234374999 0.7312396031249999 0.710567259375 0.7410073140625 0.7264612671874999 0.7239773046875 0.7512542046874999 0.668851315625 0.7595825515625 0.5957494359375 0.74488990625 0.54635390625 0.7203138375 0.5338891359375 0.7028964421875 0.5798043796875 0.3271966234375 0.6454448296875 0.33627452343750003 0.6738194531249999 0.35425510937500004 0.6910710265625 0.383073453125 0.6997223375 0.4131457375 0.6945136390625 0.43250636093750006 0.669071078125 0.42718432812499996 0.6579188968749999 0.43053015625 0.6555339734375 0.43895990156250003 0.660590225 0.44019829218749995 0.6569412390625 0.546547796875 0.6724211546875 0.54965184375 0.7009323796875 0.55743813125 0.7163864234374999
11 0.8025736421874999 0.3328139296875 0.7914432015624999 0.3520721625 0.7720364 0.41151940624999994 0.7706189859375 0.47017215468750007 0.7564126718749999 0.6632161515624999 0.821345453125 0.6695090890625 0.8438971390625 0.6068481875 0.852926096875 0.5275234281250001 0.8484462921875 0.45057652187499997 0.8344903984375 0.32951706718749996 0.8288106390625 0.3291105484375 0.8025736421874999 0.3328139296875
3 0.8362103578125 0.3310102953125 0.855876759375 0.5107893906250001 0.8473811828125 0.6017110796875 0.8241850984375001 0.6680265390625 0.8552088984375 0.670918640625 0.8754450500000001 0.636011671875 0.9053713406250001 0.55739679375 0.91564919375 0.509231028125 0.916286078125 0.4516306046875 0.9012431281250001 0.4053465140625 0.8708799171875 0.3525928640625 0.837556775 0.33124770468750003 0.8362103578125 0.3310102953125
22 0.8378472468749999 0.7108939484375 0.834693559375 0.732153675 0.839177 0.75396673125 0.8835869296875 0.7675488390625 0.8939373093749999 0.7527145484375 0.9165907437499999 0.6894766109375 0.9216283328125 0.6282889890625001 0.9139507140625 0.580725375 0.897376515625 0.588115821875 0.8836015921874999 0.62912021875 0.8723313828125001 0.7009100671875 0.8430856328124999 0.7104293390625 0.8378472468749999 0.7108939484375