19 0.45390625 0.372265625 0.4423828125 0.37109375 0.418359375 0.3826171875 0.420703125 0.408984375 0.437890625 0.3986328125 0.455078125 0.3814453125 0.45390625 0.372265625
17 0.8009765625 0.35390625 0.7744140625 0.3515625 0.765234375 0.37109375 0.765234375 0.3837890625 0.7572265625 0.3837890625 0.765234375 0.4033203125 0.81015625 0.3962890625 0.8193359375 0.3767578125 0.8181640625 0.3595703125 0.8009765625 0.35390625
10 0.72734375 0.3859375 0.7365234375 0.37578125 0.752734375 0.2826171875 0.7193359375 0.2802734375 0.63203125 0.2837890625 0.56875 0.290625 0.528515625 0.2998046875 0.508984375 0.3181640625 0.4482421875 0.3986328125 0.72734375 0.3859375
12 0.70546875 0.4939453125 0.6974609375 0.4744140625 0.6962890625 0.4548828125 0.7009765625 0.433203125 0.672265625 0.4412109375 0.630859375 0.46875 0.6056640625 0.4939453125 0.61484375 0.503125 0.70546875 0.4939453125
15 0.378125 0.445703125 0.3630859375 0.4515625 0.3505859375 0.465234375 0.3447265625 0.4802734375 0.3447265625 0.51015625 0.379296875 0.5158203125 0.381640625 0.48828125 0.37578125 0.4734375 0.378125 0.445703125
16 0.3953125 0.4240234375 0.3861328125 0.434375 0.3861328125 0.446875 0.45390625 0.448046875 0.634375 0.434375 0.652734375 0.425 0.7193359375 0.4044921875 0.7228515625 0.3849609375 0.674609375 0.38828125 0.4435546875 0.4009765625 0.3953125 0.4240234375
8 0.38046875 0.445703125 0.378125 0.4744140625 0.3837890625 0.491796875 0.3837890625 0.5193359375 0.340234375 0.511328125 0.334375 0.5720703125 0.342578125 0.641015625 0.3505859375 0.66875 0.4435546875 0.6640625 0.55390625 0.662890625 0.691796875 0.6525390625 0.7078125 0.62265625 0.7169921875 0.4951171875 0.6078125 0.506640625 0.6033203125 0.490625 0.628515625 0.465234375 0.652734375 0.448046875 0.6365234375 0.430859375 0.611328125 0.434375 0.4619140625 0.44921875 0.38046875 0.445703125
22 0.3896484375 0.7134765625 0.41953125 0.7169921875 0.4482421875 0.706640625 0.462890625 0.67822265625 0.455712890625 0.6681640625 0.45859375 0.665234375 0.4677734375 0.66875 0.468359375 0.66494140625 0.57578125 0.66171875 0.5837890625 0.6892578125 0.594140625 0.703125 0.6216796875 0.706640625 0.6400390625 0.6927734375 0.648046875 0.680078125 0.6515625 0.660546875 0.6642578125 0.662890625 0.6802734375 0.6927734375 0.69296875 0.70078125 0.74921875 0.70078125 0.7619140625 0.68125 0.7767578125 0.62265625 0.772265625 0.54921875 0.74921875 0.503125 0.7228515625 0.4951171875 0.713671875 0.543359375 0.355078125 0.6732421875 0.3689453125 0.699609375 0.3896484375 0.7134765625
11 0.761328125 0.3037109375 0.7525390625 0.365625 0.761328125 0.4236328125 0.780859375 0.6162109375 0.8458984375 0.6111328125 0.8572265625 0.5455078125 0.85234375 0.4658203125 0.8345703125 0.3908203125 0.7998046875 0.2740234375 0.794140625 0.274609375 0.7689453125 0.2828125 0.761328125 0.3037109375
3 0.859765625 0.53984375 0.8484375 0.6091796875 0.8794921875 0.606640625 0.893359375 0.56875 0.9091796875 0.4861328125 0.9109375 0.4369140625 0.9015625 0.380078125 0.8787109375 0.337109375 0.8396484375 0.2904296875 0.803125 0.2751953125 0.8017578125 0.2751953125 0.85234375 0.448828125 0.859765625 0.53984375
22 0.878125 0.6912109375 0.92421875 0.696875 0.9318359375 0.68046875 0.9431640625 0.6142578125 0.9375 0.553125 0.9216796875 0.5076171875 0.906640625 0.5177734375 0.9001953125 0.560546875 0.9015625 0.633203125 0.8744140625 0.64765625 0.8693359375 0.6490234375 0.869921875 0.6705078125 0.878125 0.6912109375