10 0.2908203125 0.4607421875 0.376953125 0.445703125 0.469921875 0.4412109375 0.535546875 0.4412109375 0.6560546875 0.446875 0.669921875 0.426171875 0.6837890625 0.3435546875 0.694140625 0.3021484375 0.633203125 0.2998046875 0.5861328125 0.3021484375 0.5263671875 0.3078125 0.413671875 0.328515625 0.3896484375 0.34921875 0.3677734375 0.36875 0.2908203125 0.4607421875
19 0.2712890625 0.430859375 0.264453125 0.4548828125 0.2666015625 0.4734375 0.2931640625 0.450390625 0.3115234375 0.426171875 0.2712890625 0.430859375
17 0.791796875 0.411328125 0.7767578125 0.406640625 0.74921875 0.4044921875 0.7341796875 0.411328125 0.7296875 0.44921875 0.708984375 0.4560546875 0.711328125 0.4767578125 0.7228515625 0.4802734375 0.746875 0.472265625 0.789453125 0.4640625 0.7998046875 0.4400390625 0.791796875 0.411328125
16 0.39296875 0.44453125 0.2873046875 0.4607421875 0.24375 0.4826171875 0.225390625 0.4974609375 0.2091796875 0.525 0.223046875 0.5216796875 0.237890625 0.525 0.25625 0.5169921875 0.296484375 0.5125 0.3275390625 0.504296875 0.35625 0.503125 0.43671875 0.50546875 0.4814453125 0.508984375 0.511328125 0.5146484375 0.537890625 0.508984375 0.5630859375 0.5169921875 0.590625 0.5009765625 0.611328125 0.4962890625 0.63203125 0.4814453125 0.6572265625 0.4607421875 0.6572265625 0.44453125 0.606640625 0.44453125 0.55625 0.4412109375 0.39296875 0.44453125
12 0.5470703125 0.5421875 0.53203125 0.5791015625 0.5251953125 0.60546875 0.646875 0.5859375 0.66875 0.5205078125 0.6607421875 0.50546875 0.6412109375 0.4986328125 0.6169921875 0.4986328125 0.5849609375 0.4998046875 0.5642578125 0.5181640625 0.5470703125 0.5421875
8 0.5296875 0.5802734375 0.5470703125 0.543359375 0.5642578125 0.5169921875 0.5423828125 0.511328125 0.51484375 0.5181640625 0.4630859375 0.508984375 0.35625 0.504296875 0.2654296875 0.5158203125 0.242578125 0.5296875 0.2103515625 0.525 0.198828125 0.606640625 0.166796875 0.5916015625 0.1517578125 0.6318359375 0.1505859375 0.7169921875 0.144921875 0.7365234375 0.14140625 0.7720703125 0.142578125 0.8146484375 0.1517578125 0.8341796875 0.221875 0.8466796875 0.24140625 0.836328125 0.28046875 0.8466796875 0.3666015625 0.8525390625 0.4033203125 0.8490234375 0.434375 0.8501953125 0.45625 0.86171875 0.665234375 0.8537109375 0.6595703125 0.7984375 0.6595703125 0.76640625 0.672265625 0.64921875 0.684765625 0.6134765625 0.650390625 0.58359375 0.6033203125 0.5939453125 0.5216796875 0.6078125 0.5296875 0.5802734375
15 0.1701171875 0.5916015625 0.1943359375 0.6111328125 0.2091796875 0.528515625 0.2115234375 0.508984375 0.1908203125 0.528515625 0.18046875 0.545703125 0.1736328125 0.569921875 0.1701171875 0.5916015625
22 0.6427734375 0.9216796875 0.6931640625 0.92109375 0.7076171875 0.9103515625 0.7197265625 0.8396484375 0.7228515625 0.759375 0.71015625 0.6767578125 0.69453125 0.630078125 0.68125 0.63203125 0.6716796875 0.66484375 0.66484375 0.7904296875 0.6673828125 0.853515625 0.613671875 0.8560546875 0.6130859375 0.856640625 0.6244140625 0.9115234375 0.6427734375 0.9216796875
22 0.265234375 0.8951171875 0.2935546875 0.8630859375 0.29609375 0.850390625 0.248046875 0.840234375 0.219140625 0.8498046875 0.1892578125 0.847265625 0.198828125 0.875 0.2203125 0.8984375 0.265234375 0.8951171875
22 0.8396484375 0.82578125 0.8744140625 0.8244140625 0.8837890625 0.798046875 0.8857421875 0.7203125 0.8826171875 0.656640625 0.8712890625 0.626953125 0.86484375 0.6654296875 0.8591796875 0.7361328125 0.8611328125 0.7765625 0.81953125 0.784765625 0.81875 0.7865234375 0.8251953125 0.807421875 0.8396484375 0.82578125
11 0.8087890625 0.7462890625 0.8232421875 0.6275390625 0.817578125 0.5087890625 0.7494140625 0.3080078125 0.731640625 0.304296875 0.7126953125 0.309375 0.7052734375 0.330859375 0.69375 0.39140625 0.6984375 0.415234375 0.7208984375 0.501171875 0.73671875 0.7701171875 0.8087890625 0.7462890625
3 0.8244140625 0.6326171875 0.810546875 0.7443359375 0.8396484375 0.7341796875 0.8515625 0.70390625 0.8623046875 0.619921875 0.8673828125 0.5240234375 0.8314453125 0.43125 0.797265625 0.3560546875 0.755078125 0.310546875 0.751171875 0.310546875 0.8181640625 0.50703125 0.8244140625 0.6326171875