17 0.7548828125 0.3212890625 0.75078125 0.2998046875 0.738671875 0.2822265625 0.7103515625 0.2794921875 0.6888671875 0.2916015625 0.678125 0.3185546875 0.680859375 0.3388671875 0.67265625 0.346875 0.678125 0.364453125 0.690234375 0.35625 0.723828125 0.3509765625 0.7455078125 0.3416015625 0.7548828125 0.3212890625
19 0.31171875 0.208203125 0.2927734375 0.2109375 0.28203125 0.232421875 0.2861328125 0.25390625 0.299609375 0.26484375 0.3251953125 0.23515625 0.3265625 0.2203125 0.31171875 0.208203125
10 0.318359375 0.2486328125 0.294140625 0.2916015625 0.3587890625 0.3091796875 0.528515625 0.344140625 0.6294921875 0.358984375 0.675390625 0.1583984375 0.6228515625 0.144921875 0.4275390625 0.124609375 0.4126953125 0.12734375 0.372265625 0.171875 0.318359375 0.2486328125
16 0.2861328125 0.286328125 0.158203125 0.37109375 0.123046875 0.4021484375 0.1150390625 0.425 0.1244140625 0.4478515625 0.1419921875 0.4453125 0.2376953125 0.4830078125 0.3830078125 0.530078125 0.4732421875 0.515234375 0.489453125 0.4896484375 0.6013671875 0.3806640625 0.61484375 0.3603515625 0.5892578125 0.35234375 0.4517578125 0.3306640625 0.2861328125 0.286328125
12 0.4046875 0.6337890625 0.4490234375 0.6310546875 0.4814453125 0.6123046875 0.5205078125 0.5462890625 0.52578125 0.5259765625 0.5177734375 0.5138671875 0.4181640625 0.5259765625 0.377734375 0.539453125 0.3318359375 0.5974609375 0.3197265625 0.6203125 0.34140625 0.6296875 0.4046875 0.6337890625
15 0.123046875 0.4546875 0.1123046875 0.422265625 0.098828125 0.43984375 0.0853515625 0.50859375 0.09609375 0.5314453125 0.123046875 0.5490234375 0.1216796875 0.5193359375 0.1244140625 0.4869140625 0.123046875 0.4546875
8 0.368359375 0.6337890625 0.32109375 0.6244140625 0.34140625 0.5880859375 0.38046875 0.5328125 0.348046875 0.5138671875 0.21875 0.4748046875 0.137890625 0.4453125 0.1216796875 0.44921875 0.1244140625 0.55703125 0.094921875 0.5341796875 0.07734375 0.5072265625 0.071875 0.5220703125 0.080078125 0.55703125 0.0732421875 0.571875 0.07734375 0.6029296875 0.1001953125 0.671484375 0.15 0.7212890625 0.23359375 0.7751953125 0.33046875 0.80625 0.3791015625 0.8142578125 0.4302734375 0.815625 0.521875 0.7982421875 0.5326171875 0.78203125 0.5623046875 0.65546875 0.573046875 0.62578125 0.489453125 0.6068359375 0.455859375 0.6310546875 0.420703125 0.6365234375 0.368359375 0.6337890625
11 0.787109375 0.4478515625 0.7939453125 0.3603515625 0.7912109375 0.295703125 0.783203125 0.27421875 0.75625 0.1193359375 0.7345703125 0.1259765625 0.7076171875 0.144921875 0.6916015625 0.169140625 0.6767578125 0.217578125 0.666015625 0.26875 0.6564453125 0.3306640625 0.6578125 0.35234375 0.6685546875 0.3845703125 0.669921875 0.47890625 0.6794921875 0.6068359375 0.7884765625 0.5072265625 0.787109375 0.4478515625
22 0.5326171875 0.7859375 0.519140625 0.808984375 0.521875 0.8533203125 0.5353515625 0.875 0.5703125 0.875 0.6013671875 0.8681640625 0.6390625 0.7982421875 0.651171875 0.7052734375 0.6484375 0.656640625 0.6376953125 0.6095703125 0.612109375 0.58671875 0.5904296875 0.59609375 0.573046875 0.6189453125 0.5326171875 0.7859375
2 0.9205078125 0.178515625 0.909765625 0.1193359375 0.88828125 0.0720703125 0.865234375 0.0828125 0.846484375 0.09765625 0.9083984375 0.1892578125 0.9205078125 0.178515625
3 0.7853515625 0.2791015625 0.7916015625 0.294140625 0.7935546875 0.32265625 0.791015625 0.4205078125 0.7865234375 0.451953125 0.7890625 0.505078125 0.826953125 0.4671875 0.86484375 0.3169921875 0.88828125 0.265234375 0.8869140625 0.2146484375 0.8244140625 0.1060546875 0.8125 0.097265625 0.7828125 0.10234375 0.7576171875 0.11484375 0.75625 0.11484375 0.7791015625 0.2474609375 0.7853515625 0.2791015625