17 0.815234375 0.273046875 0.7697265625 0.275 0.76015625 0.2919921875 0.7525390625 0.3205078125 0.7318359375 0.326171875 0.7203125 0.3697265625 0.81328125 0.3603515625 0.8322265625 0.32421875 0.83046875 0.28828125 0.815234375 0.273046875
19 0.2462890625 0.23515625 0.21796875 0.2408203125 0.2064453125 0.26171875 0.2064453125 0.295703125 0.21796875 0.3166015625 0.2482421875 0.2673828125 0.265234375 0.2388671875 0.2462890625 0.23515625
16 0.50234375 0.35078125 0.4568359375 0.3412109375 0.3619140625 0.3337890625 0.2634765625 0.335546875 0.2216796875 0.3185546875 0.202734375 0.335546875 0.109765625 0.3849609375 0.11171875 0.41328125 0.149609375 0.4587890625 0.149609375 0.4853515625 0.1931640625 0.49296875 0.2974609375 0.5025390625 0.4150390625 0.5025390625 0.4302734375 0.4892578125 0.58203125 0.4474609375 0.642578125 0.4171875 0.673046875 0.3943359375 0.6634765625 0.348828125 0.6103515625 0.352734375 0.5572265625 0.3564453125 0.50234375 0.35078125
12 0.619921875 0.5271484375 0.6388671875 0.4892578125 0.646484375 0.4607421875 0.642578125 0.419140625 0.606640625 0.441796875 0.4986328125 0.4740234375 0.4455078125 0.49296875 0.4056640625 0.5234375 0.4720703125 0.5138671875 0.447265625 0.5669921875 0.4794921875 0.570703125 0.540234375 0.5630859375 0.578125 0.5517578125 0.619921875 0.5271484375
15 0.1173828125 0.5365234375 0.113671875 0.494921875 0.1154296875 0.4703125 0.1458984375 0.49296875 0.14765625 0.4646484375 0.109765625 0.4171875 0.100390625 0.38671875 0.0755859375 0.4228515625 0.0642578125 0.481640625 0.0908203125 0.530859375 0.1173828125 0.5365234375
22 0.651953125 0.6453125 0.6400390625 0.709765625 0.6345703125 0.759765625 0.64921875 0.80703125 0.64921875 0.8298828125 0.6365234375 0.8607421875 0.621875 0.8642578125 0.6091796875 0.8716796875 0.6064453125 0.9453125 0.615625 0.96796875 0.6763671875 0.9716796875 0.691015625 0.948046875 0.7001953125 0.79609375 0.7037109375 0.6134765625 0.6947265625 0.587109375 0.668359375 0.5806640625 0.6646484375 0.626171875 0.651953125 0.6453125
22 0.8486328125 0.7439453125 0.9013671875 0.752734375 0.9154296875 0.7373046875 0.9267578125 0.6978515625 0.9310546875 0.6505859375 0.932421875 0.53046875 0.9228515625 0.48046875 0.9083984375 0.4703125 0.9017578125 0.491015625 0.8939453125 0.6259765625 0.8837890625 0.6509765625 0.870703125 0.6646484375 0.83828125 0.6865234375 0.838671875 0.68828125 0.8412109375 0.7171875 0.8486328125 0.7439453125
11 0.749609375 0.534765625 0.7474609375 0.7474609375 0.8390625 0.6798828125 0.85 0.40703125 0.7921875 0.1212890625 0.7638671875 0.130078125 0.7419921875 0.15625 0.730078125 0.20859375 0.7224609375 0.276171875 0.7103515625 0.3154296875 0.7255859375 0.375390625 0.7267578125 0.369921875 0.741015625 0.435546875 0.749609375 0.534765625
3 0.839453125 0.6767578125 0.8830078125 0.642578125 0.9 0.517578125 0.908984375 0.313671875 0.8892578125 0.267578125 0.866015625 0.1892578125 0.846484375 0.1380859375 0.80859375 0.1224609375 0.7947265625 0.1205078125 0.7927734375 0.12109375 0.85078125 0.4064453125 0.839453125 0.6767578125
10 0.4818359375 0.339453125 0.62578125 0.3451171875 0.6724609375 0.343359375 0.719140625 0.1357421875 0.5734375 0.11796875 0.451953125 0.1171875 0.36953125 0.121875 0.300390625 0.1994140625 0.223828125 0.3115234375 0.2248046875 0.315234375 0.347265625 0.324609375 0.4818359375 0.339453125
8 0.021875 0.72265625 0.01640625 0.73203125 0.03046875 0.762890625 0.076171875 0.810546875 0.4705078125 0.887109375 0.6275390625 0.85546875 0.6462890625 0.8171875 0.63046875 0.765625 0.648046875 0.639453125 0.6611328125 0.5806640625 0.6228515625 0.5263671875 0.604296875 0.548828125 0.4818359375 0.575 0.4435546875 0.56953125 0.46875 0.5162109375 0.4013671875 0.5263671875 0.4201171875 0.5087890625 0.148046875 0.4880859375 0.1462890625 0.496484375 0.1181640625 0.476953125 0.12109375 0.5376953125 0.0873046875 0.533984375 0.059375 0.4833984375 0.0173828125 0.5994140625 0.021875 0.72265625