12 0.4412109375 0.3447265625 0.45390625 0.3068359375 0.4677734375 0.2791015625 0.4607421875 0.25625 0.434375 0.252734375 0.3310546875 0.3044921875 0.3080078125 0.352734375 0.3044921875 0.3654296875 0.3251953125 0.4009765625 0.391796875 0.3837890625 0.440234375 0.3779296875 0.4412109375 0.3447265625
17 0.694140625 0.1861328125 0.674609375 0.1826171875 0.6447265625 0.1861328125 0.6376953125 0.2009765625 0.6388671875 0.252734375 0.6240234375 0.255078125 0.6296875 0.2837890625 0.694140625 0.26875 0.70546875 0.2515625 0.7033203125 0.2228515625 0.694140625 0.1861328125
8 0.3287109375 0.4044921875 0.3044921875 0.3654296875 0.3322265625 0.2986328125 0.3171875 0.2814453125 0.237890625 0.2849609375 0.19765625 0.290625 0.137890625 0.3033203125 0.1103515625 0.316015625 0.098828125 0.3458984375 0.0978515625 0.387109375 0.083984375 0.425 0.0736328125 0.413671875 0.065625 0.4228515625 0.06328125 0.4951171875 0.0587890625 0.5134765625 0.0576171875 0.5525390625 0.06328125 0.5791015625 0.0587890625 0.6146484375 0.065625 0.641015625 0.08046875 0.6720703125 0.235546875 0.6744140625 0.4470703125 0.667578125 0.457421875 0.6353515625 0.479296875 0.472265625 0.4873046875 0.433203125 0.5009765625 0.3974609375 0.4630859375 0.3767578125 0.4390625 0.3595703125 0.4390625 0.3791015625 0.4044921875 0.3802734375 0.3287109375 0.4044921875
16 0.1103515625 0.3021484375 0.1138671875 0.313671875 0.14375 0.3009765625 0.186328125 0.28828125 0.2712890625 0.2791015625 0.31484375 0.278125 0.335546875 0.3009765625 0.440234375 0.250390625 0.47578125 0.2390625 0.5642578125 0.233203125 0.5619140625 0.2251953125 0.49296875 0.230859375 0.3287109375 0.23671875 0.2849609375 0.2412109375 0.2080078125 0.255078125 0.1517578125 0.27109375 0.120703125 0.28828125 0.1103515625 0.3021484375
11 0.7572265625 0.641015625 0.7572265625 0.3814453125 0.7515625 0.31015625 0.745703125 0.289453125 0.7205078125 0.1263671875 0.711328125 0.0919921875 0.6642578125 0.07578125 0.6447265625 0.0837890625 0.62734375 0.1115234375 0.61015625 0.1515625 0.6056640625 0.1814453125 0.608984375 0.2482421875 0.613671875 0.2849609375 0.6216796875 0.35625 0.6240234375 0.6353515625 0.723828125 0.643359375 0.7572265625 0.641015625
3 0.82265625 0.2654296875 0.806640625 0.2068359375 0.7986328125 0.1642578125 0.78828125 0.1482421875 0.713671875 0.09296875 0.7228515625 0.13203125 0.7296875 0.194140625 0.7515625 0.3125 0.7583984375 0.4193359375 0.7595703125 0.608984375 0.7572265625 0.643359375 0.772265625 0.643359375 0.825 0.64453125 0.841015625 0.411328125 0.8388671875 0.3515625 0.82265625 0.2654296875
10 0.2931640625 0.237890625 0.574609375 0.2251953125 0.587109375 0.2068359375 0.6240234375 0.0837890625 0.616015625 0.08046875 0.569921875 0.08046875 0.516015625 0.0896484375 0.4287109375 0.1115234375 0.3908203125 0.1263671875 0.379296875 0.1298828125 0.323046875 0.19296875 0.2931640625 0.237890625
22 0.44453125 0.8091796875 0.459765625 0.8759765625 0.49453125 0.8970703125 0.5453125 0.8986328125 0.5771484375 0.8765625 0.59765625 0.8083984375 0.605859375 0.7115234375 0.6021484375 0.644140625 0.581640625 0.5265625 0.5416015625 0.4796875 0.51796875 0.4962890625 0.483984375 0.541015625 0.4771484375 0.644140625 0.456640625 0.6705078125 0.4453125 0.6880859375 0.4384765625 0.739453125 0.44453125 0.8091796875
22 0.8255859375 0.8333984375 0.8408203125 0.868359375 0.8900390625 0.866015625 0.9005859375 0.8333984375 0.9119140625 0.7486328125 0.9134765625 0.6501953125 0.8900390625 0.5697265625 0.8634765625 0.569140625 0.8392578125 0.7333984375 0.8173828125 0.7333984375 0.8166015625 0.7341796875 0.8166015625 0.7751953125 0.8255859375 0.8333984375
22 0.1119140625 0.8251953125 0.1400390625 0.8705078125 0.1900390625 0.8765625 0.2166015625 0.8736328125 0.255859375 0.80703125 0.258203125 0.7615234375 0.1384765625 0.7357421875 0.0990234375 0.7205078125 0.09609375 0.7220703125 0.11884765625 0.72939453125 0.1021484375 0.769140625 0.1119140625 0.8251953125
21 0.871875 0.4841796875 0.89765625 0.4720703125 0.9166015625 0.489453125 0.9263671875 0.6583984375 0.94296875 0.6494140625 0.9537109375 0.5001953125 0.94296875 0.37890625 0.933984375 0.3591796875 0.835546875 0.3220703125 0.8400390625 0.344140625 0.84296875 0.45390625 0.8294921875 0.64296875 0.8416015625 0.6455078125 0.8552734375 0.540234375 0.871875 0.4841796875