2 0.472265625 0.348046875 0.552734375 0.33671875 0.646875 0.3296875 0.725 0.3296875 0.687109375 0.28828125 0.634375 0.2458984375 0.557421875 0.2423828125 0.49765625 0.2458984375 0.4423828125 0.252734375 0.4080078125 0.2607421875 0.420703125 0.2837890625 0.455078125 0.3435546875 0.472265625 0.348046875
20 0.5033203125 0.3953125 0.5263671875 0.3974609375 0.5388671875 0.430859375 0.5619140625 0.5412109375 0.5849609375 0.546875 0.73203125 0.526171875 0.7537109375 0.5193359375 0.762890625 0.50546875 0.7767578125 0.40546875 0.7732421875 0.3779296875 0.7859375 0.367578125 0.7767578125 0.34921875 0.7640625 0.3400390625 0.733203125 0.330859375 0.6365234375 0.3296875 0.5607421875 0.33671875 0.4837890625 0.34921875 0.459765625 0.3435546875 0.4619140625 0.3572265625 0.4837890625 0.3654296875 0.498828125 0.3779296875 0.5033203125 0.3953125
4 0.4251953125 0.472265625 0.4494140625 0.4734375 0.5009765625 0.4826171875 0.555078125 0.50546875 0.528515625 0.3998046875 0.4998046875 0.3962890625 0.4056640625 0.3953125 0.4021484375 0.4078125 0.4171875 0.4365234375 0.4251953125 0.472265625
7 0.811328125 0.430859375 0.804296875 0.3802734375 0.791796875 0.3654296875 0.7732421875 0.374609375 0.7767578125 0.4205078125 0.77109375 0.469921875 0.811328125 0.430859375
0 0.4103515625 0.5330078125 0.379296875 0.5388671875 0.3677734375 0.5515625 0.3861328125 0.621484375 0.394140625 0.667578125 0.4080078125 0.7087890625 0.4677734375 0.7099609375 0.5251953125 0.70546875 0.548046875 0.6951171875 0.6859375 0.66640625 0.7205078125 0.66171875 0.767578125 0.645703125 0.7859375 0.6421875 0.7998046875 0.646875 0.821484375 0.6421875 0.82265625 0.503125 0.808984375 0.433203125 0.772265625 0.472265625 0.762890625 0.5078125 0.750390625 0.5181640625 0.7296875 0.52734375 0.6974609375 0.5296875 0.6181640625 0.543359375 0.589453125 0.54453125 0.5595703125 0.5376953125 0.555078125 0.51015625 0.53671875 0.4962890625 0.452734375 0.4734375 0.4298828125 0.46875 0.435546875 0.491796875 0.435546875 0.5125 0.4287109375 0.526171875 0.4103515625 0.5330078125
17 0.2275390625 0.3826171875 0.2287109375 0.3630859375 0.223046875 0.34921875 0.205859375 0.355078125 0.1943359375 0.3654296875 0.1908203125 0.3859375 0.203515625 0.3962890625 0.225390625 0.3986328125 0.23671875 0.3962890625 0.2390625 0.3826171875 0.2275390625 0.3826171875
22 0.3482421875 0.7685546875 0.357421875 0.7904296875 0.413671875 0.7904296875 0.420703125 0.7673828125 0.4287109375 0.7123046875 0.4068359375 0.7123046875 0.376953125 0.58359375 0.35390625 0.5595703125 0.33671875 0.5859375 0.3322265625 0.6513671875 0.334375 0.699609375 0.3482421875 0.7685546875
3 0.2708984375 0.514453125 0.2802734375 0.6294921875 0.320703125 0.64765625 0.320703125 0.553125 0.344140625 0.4740234375 0.386328125 0.3099609375 0.36875 0.25625 0.3548828125 0.2462890625 0.32265625 0.25 0.2720703125 0.4267578125 0.2708984375 0.514453125
11 0.2890625 0.2751953125 0.2607421875 0.317578125 0.23984375 0.3560546875 0.228515625 0.4103515625 0.23046875 0.5947265625 0.2783203125 0.621875 0.26953125 0.452734375 0.2759765625 0.4103515625 0.3212890625 0.25 0.31875 0.2509765625 0.31875 0.2505859375 0.3119140625 0.2537109375 0.2890625 0.2751953125
22 0.7013671875 0.722265625 0.7259765625 0.718359375 0.7470703125 0.6998046875 0.76015625 0.649609375 0.6634765625 0.68046875 0.6615234375 0.68046875 0.6748046875 0.7095703125 0.7013671875 0.722265625
22 0.1951171875 0.630078125 0.2052734375 0.6572265625 0.231640625 0.6578125 0.2455078125 0.623828125 0.2228515625 0.6091796875 0.2158203125 0.590234375 0.2076171875 0.51328125 0.198828125 0.4923828125 0.1912109375 0.4994140625 0.1912109375 0.501171875 0.185546875 0.55625 0.1951171875 0.630078125