10 0.334375 0.3181640625 0.301171875 0.352734375 0.430859375 0.350390625 0.6009765625 0.3595703125 0.6251953125 0.35390625 0.6400390625 0.3447265625 0.65390625 0.3021484375 0.67109375 0.2044921875 0.5263671875 0.2033203125 0.4287109375 0.2171875 0.4056640625 0.237890625 0.3849609375 0.25625 0.334375 0.3181640625
17 0.748046875 0.3125 0.7296875 0.3021484375 0.6998046875 0.2986328125 0.690625 0.3171875 0.691796875 0.346875 0.689453125 0.369921875 0.74453125 0.3607421875 0.7560546875 0.348046875 0.7583984375 0.328515625 0.748046875 0.3125
19 0.3251953125 0.3033203125 0.3 0.3125 0.2884765625 0.3240234375 0.2861328125 0.3447265625 0.296484375 0.3515625 0.3126953125 0.335546875 0.3310546875 0.313671875 0.3251953125 0.3033203125
16 0.2953125 0.355078125 0.2345703125 0.3962890625 0.2126953125 0.425 0.198828125 0.45390625 0.220703125 0.4640625 0.2494140625 0.469921875 0.3435546875 0.4767578125 0.4884765625 0.46640625 0.537890625 0.4560546875 0.5642578125 0.445703125 0.567578125 0.43203125 0.626171875 0.3849609375 0.626171875 0.367578125 0.6193359375 0.350390625 0.5974609375 0.3595703125 0.4390625 0.350390625 0.2953125 0.355078125
12 0.59296875 0.52265625 0.6228515625 0.448046875 0.6033203125 0.4353515625 0.5826171875 0.445703125 0.555078125 0.45390625 0.5193359375 0.4595703125 0.4849609375 0.4791015625 0.4458984375 0.490625 0.4228515625 0.5216796875 0.45859375 0.54921875 0.55390625 0.5330078125 0.59296875 0.52265625
15 0.2103515625 0.4240234375 0.1884765625 0.434375 0.1759765625 0.4560546875 0.1712890625 0.4962890625 0.178125 0.5134765625 0.1884765625 0.52734375 0.196484375 0.5181640625 0.2138671875 0.511328125 0.2080078125 0.484765625 0.201171875 0.450390625 0.2103515625 0.4240234375
8 0.4390625 0.530859375 0.4240234375 0.5205078125 0.4494140625 0.487109375 0.4814453125 0.4814453125 0.5021484375 0.472265625 0.513671875 0.4607421875 0.437890625 0.47109375 0.379296875 0.4755859375 0.3240234375 0.4755859375 0.2333984375 0.467578125 0.20234375 0.45390625 0.2150390625 0.51015625 0.1955078125 0.5181640625 0.183984375 0.530859375 0.1677734375 0.5021484375 0.1564453125 0.530859375 0.1541015625 0.5572265625 0.1609375 0.6388671875 0.1552734375 0.7169921875 0.178125 0.738671875 0.2150390625 0.7525390625 0.3322265625 0.7720703125 0.3873046875 0.77890625 0.4884765625 0.78359375 0.5263671875 0.782421875 0.567578125 0.7744140625 0.6056640625 0.7525390625 0.6125 0.7375 0.6240234375 0.6318359375 0.6423828125 0.550390625 0.6009765625 0.4974609375 0.590625 0.526171875 0.459765625 0.5515625 0.4390625 0.530859375
22 0.6357421875 0.820703125 0.6609375 0.80546875 0.68046875 0.75703125 0.6880859375 0.6787109375 0.6849609375 0.6009765625 0.67421875 0.551171875 0.6572265625 0.5466796875 0.640234375 0.5669921875 0.623046875 0.6546875 0.61796875 0.7234375 0.61171875 0.7544921875 0.6015625 0.7734375 0.577734375 0.7828125 0.5751953125 0.781640625 0.5876953125 0.810546875 0.6357421875 0.820703125
22 0.8162109375 0.6376953125 0.8294921875 0.63515625 0.8390625 0.61875 0.8458984375 0.567578125 0.8390625 0.4697265625 0.8333984375 0.458984375 0.8201171875 0.4943359375 0.817578125 0.5416015625 0.80625 0.5833984375 0.80546875 0.5845703125 0.8048828125 0.606640625 0.8162109375 0.6376953125
11 0.6994140625 0.5947265625 0.6962890625 0.6521484375 0.7740234375 0.5908203125 0.7771484375 0.3787109375 0.7240234375 0.1982421875 0.6962890625 0.2044921875 0.6837890625 0.2234375 0.67109375 0.3421875 0.6755859375 0.38203125 0.6787109375 0.383203125 0.6962890625 0.4451171875 0.6994140625 0.5947265625
3 0.7771484375 0.587109375 0.801171875 0.5662109375 0.8130859375 0.51640625 0.82890625 0.4115234375 0.81953125 0.330859375 0.7669921875 0.2248046875 0.73359375 0.198828125 0.7248046875 0.1962890625 0.7783203125 0.373828125 0.7771484375 0.587109375