17 0.636328125 0.2998046875 0.6162109375 0.2984375 0.609375 0.3185546875 0.609375 0.346875 0.6 0.349609375 0.6041015625 0.3724609375 0.675390625 0.355078125 0.6740234375 0.3306640625 0.66328125 0.31328125 0.636328125 0.2998046875
19 0.2673828125 0.31328125 0.2591796875 0.3361328125 0.266015625 0.346875 0.29296875 0.31328125 0.296875 0.2998046875 0.2673828125 0.31328125
10 0.2943359375 0.310546875 0.2740234375 0.349609375 0.4451171875 0.349609375 0.48828125 0.3537109375 0.5474609375 0.3482421875 0.563671875 0.32265625 0.593359375 0.25 0.621484375 0.19609375 0.45859375 0.193359375 0.4126953125 0.2 0.365625 0.2310546875 0.3224609375 0.2728515625 0.2943359375 0.310546875
16 0.323828125 0.349609375 0.2794921875 0.346875 0.2552734375 0.3416015625 0.221484375 0.358984375 0.15546875 0.4021484375 0.1392578125 0.4357421875 0.152734375 0.4640625 0.173046875 0.481640625 0.2498046875 0.4857421875 0.3279296875 0.472265625 0.4451171875 0.433203125 0.4962890625 0.4115234375 0.519140625 0.3927734375 0.52734375 0.3697265625 0.521875 0.3509765625 0.4828125 0.355078125 0.4451171875 0.349609375 0.323828125 0.349609375
12 0.3400390625 0.48828125 0.3009765625 0.4951171875 0.28203125 0.5072265625 0.32109375 0.5287109375 0.362890625 0.5248046875 0.401953125 0.5166015625 0.4208984375 0.4951171875 0.4517578125 0.4734375 0.485546875 0.4439453125 0.494921875 0.415625 0.437109375 0.437109375 0.36015625 0.4654296875 0.3400390625 0.48828125
15 0.1419921875 0.4197265625 0.1205078125 0.4439453125 0.10703125 0.4896484375 0.124609375 0.5125 0.1474609375 0.49375 0.1326171875 0.44921875 0.1419921875 0.4197265625
8 0.358984375 0.5234375 0.3251953125 0.530078125 0.2833984375 0.5099609375 0.299609375 0.49375 0.3359375 0.4869140625 0.35078125 0.4654296875 0.2943359375 0.4830078125 0.2591796875 0.4857421875 0.1716796875 0.484375 0.152734375 0.46953125 0.1392578125 0.4412109375 0.13125 0.4505859375 0.143359375 0.4748046875 0.14609375 0.496484375 0.121875 0.5166015625 0.1083984375 0.4951171875 0.0935546875 0.5421875 0.089453125 0.6068359375 0.0935546875 0.6513671875 0.089453125 0.6876953125 0.1056640625 0.725390625 0.1353515625 0.7361328125 0.1796875 0.745703125 0.2875 0.76171875 0.3373046875 0.76171875 0.3455078125 0.75234375 0.4302734375 0.745703125 0.465234375 0.7361328125 0.47734375 0.701171875 0.4828125 0.640625 0.4908203125 0.598828125 0.5111328125 0.5490234375 0.4841796875 0.5072265625 0.4544921875 0.4734375 0.41953125 0.49921875 0.3966796875 0.5220703125 0.358984375 0.5234375
11 0.75078125 0.3779296875 0.729296875 0.256640625 0.7091796875 0.183984375 0.675390625 0.18671875 0.6484375 0.19609375 0.62421875 0.2244140625 0.58125 0.3185546875 0.5771484375 0.3375 0.58125 0.3697265625 0.6013671875 0.451953125 0.602734375 0.49375 0.6134765625 0.6701171875 0.7548828125 0.6271484375 0.7603515625 0.4923828125 0.75078125 0.3779296875
3 0.8505859375 0.4775390625 0.85859375 0.437109375 0.85859375 0.3685546875 0.8505859375 0.3294921875 0.8087890625 0.2189453125 0.783203125 0.202734375 0.76171875 0.1947265625 0.7158203125 0.183984375 0.753515625 0.3927734375 0.76171875 0.4896484375 0.758984375 0.6029296875 0.765625 0.6216796875 0.80078125 0.6109375 0.8263671875 0.589453125 0.8384765625 0.5166015625 0.8505859375 0.4775390625
4 0.8923828125 0.3859375 0.89765625 0.3267578125 0.8802734375 0.3091796875 0.8802734375 0.32265625 0.8640625 0.3294921875 0.87890625 0.3482421875 0.8923828125 0.3859375
22 0.4572265625 0.7443359375 0.4720703125 0.7873046875 0.4935546875 0.8169921875 0.539453125 0.8142578125 0.55546875 0.7994140625 0.57578125 0.7671875 0.58515625 0.7294921875 0.5865234375 0.6822265625 0.581315103125 0.6328559031250001 0.75144279375 0.6217111890625 0.8087890625 0.637890625 0.812890625 0.667578125 0.8236328125 0.691796875 0.8734375 0.6890625 0.89765625 0.6244140625 0.900390625 0.5880859375 0.89765625 0.5234375 0.8828125 0.484375 0.8626953125 0.4802734375 0.851953125 0.5017578125 0.8384765625 0.5556640625 0.8357421875 0.593359375 0.8263671875 0.6310546875 0.7418850796875 0.6190146171875 0.56984626875 0.5704763109375001 0.56767578125 0.57314453125 0.5602885578125 0.5677797375 0.562939453125 0.563037109375 0.558203125 0.5529296875 0.5287109375 0.5341796875 0.52060546875 0.54423828125 0.5220577109375 0.556993446875 0.5125 0.554296875 0.5017578125 0.5759765625 0.480078125 0.6431640625 0.480078125 0.6755859375 0.476171875 0.7078125 0.46796875 0.7322265625 0.4572265625 0.7443359375