17 0.6945500250000001 0.3143732171875 0.714272396875 0.30137600625 0.719977740625 0.27974414687500004 0.71220776875 0.259298396875 0.697229953125 0.24409009375 0.6688650703125 0.24631503124999998 0.6498098609375 0.261971159375 0.6439112328125 0.29038016718750004 0.6501312953125 0.30990925625 0.6434433359375 0.3192198703125 0.6518814125 0.33558130468749997 0.6623823625 0.3254000328125 0.6945500250000001 0.3143732171875
19 0.24664820468749998 0.2947826140625 0.26181930468750003 0.30321376875 0.2818613546875 0.2695343375 0.28063018125 0.2546786875 0.2639091703125 0.24533087187499997 0.2457264984375 0.2513135234375 0.23887823125000002 0.2743368640625 0.24664820468749998 0.2947826140625
10 0.27746945 0.2839932078125 0.2610800828125 0.33051470781250003 0.327798775 0.33659969843750004 0.5010177125 0.3415567921875 0.603037803125 0.3386406375 0.6134075578125 0.1331318703125 0.5593265015625 0.128983359375 0.363454009375 0.1428951125 0.3493105875 0.14816553593749998 0.3172278890625 0.199040796875 0.27746945 0.2839932078125
16 0.5791047234375 0.364874815625 0.58884931875 0.34253072812499996 0.5622615468750001 0.33908752343750004 0.4230858421875 0.3416138234375 0.2522782046875 0.326711928125 0.1410114515625 0.4324045296875 0.11178189375 0.46909224531250004 0.1078638703125 0.492987184375 0.12106457500000001 0.513863628125 0.1379347453125 0.5083107296875 0.23872964843750002 0.52881469375 0.3900081984375 0.5499366515624999 0.4762941203125 0.5196493765625 0.48781582500000004 0.49163714687500004 0.5791047234375 0.364874815625
12 0.36633564375 0.655256771875 0.42936773749999996 0.6483073484374999 0.47255529375 0.637915659375 0.5012287046874999 0.6138205140624999 0.5282342640625 0.5420246828125 0.5299003578125 0.521105053125 0.51991143125 0.5105701890625001 0.4239181171875 0.53979258125 0.38644282812499997 0.560084946875 0.3513146421875 0.6251816703124999 0.3433573671875 0.6497888359374999 0.36633564375 0.655256771875
15 0.0944768046875 0.5104204234374999 0.09314329375 0.5804661375 0.10769041406249999 0.601105171875 0.13728647031250002 0.613735884375 0.1307848734375 0.5847368140625 0.12784770781250002 0.55233268125 0.12090520625000001 0.520833121875 0.1046962171875 0.49076916875 0.0944768046875 0.5104204234374999
8 0.085019728125 0.5805102625 0.08221165 0.596078140625 0.0963610546875 0.6290834859375 0.0922065609375 0.6448887734375 0.1016384015625 0.6747594421875001 0.13604719375000002 0.738304496875 0.19374372812500001 0.7787040468749999 0.28542822343749996 0.8172754375 0.386224065625 0.8310361671875001 0.435508578125 0.8304773234375 0.486140446875 0.8229378374999999 0.57333188125 0.7899126640625 0.581095871875 0.7720826468750001 0.5883550046875 0.642287734375 0.5937788140625 0.61118589375 0.508165221875 0.6070443046875 0.479287378125 0.6367286109375 0.44561486875 0.648219096875 0.39359151875 0.6546156609375 0.3454160125 0.6535906781249999 0.3591116078125 0.6142872296874999 0.3879825296875 0.5530703875 0.352763396875 0.540042896875 0.2186477 0.5240260109375 0.1338954953125 0.509022959375 0.1186091515625 0.5156848640625 0.14002342968749998 0.62138463125 0.1070111625 0.6040015000000001 0.085019728125 0.5805102625
11 0.6246636796875 0.3060702125 0.629774734375 0.3271831265625 0.6459498078125 0.357054734375 0.6636774890625 0.4497200875 0.6953171640625 0.57404436875 0.7853488343749999 0.4570233453125 0.7736920578125 0.39878779531249997 0.7652299265625 0.31143006875 0.751311009375 0.24823860468749998 0.73969413125 0.2284711671875 0.686255365625 0.080621734375 0.6660581734375 0.0909261109375 0.642804346875 0.11426396406249999 0.6312375765625 0.1408958609375 0.6250304203125 0.1911750765625 0.6233373328125 0.24343489687500003 0.6246636796875 0.3060702125
22 0.625464734375 0.565933709375 0.6057423625 0.5789309203124999 0.592591765625 0.604453809375 0.5817741843750001 0.7759295515625 0.572504409375 0.8009664734375 0.5828960984375 0.8441540296875001 0.599932559375 0.8631641734375 0.6343623625 0.8570932703125 0.6637582109375 0.8449685953125 0.688739040625 0.76956326875 0.6845205921875 0.6759041515625 0.673382759375 0.628485 0.654630096875 0.5839951531249999 0.625464734375 0.565933709375
2 0.7713542390625 0.043602375 0.8482341328125 0.123061040625 0.858294178125 0.11037927968750001 0.8374387437499999 0.0539640265625 0.808073175 0.011147193750000001 0.7872417953124999 0.02572823125 0.7713542390625 0.043602375
3 0.7510775984375 0.055705690625000005 0.7378183328125 0.049119009375 0.709463659375 0.0592751671875 0.686821721875 0.075960384375 0.6854753062500001 0.07619779374999999 0.731008434375 0.20283209531250002 0.7426578203124999 0.2329067265625 0.7514243734375 0.24663201093749998 0.7582995125 0.2743752640625 0.7727907703125 0.37118114375 0.77382725 0.40292879218750005 0.7855527984374999 0.45480580000000004 0.8162881421874999 0.41091118125000003 0.82752198125 0.256418034375 0.8416157625 0.2013766609375 0.8314851890625 0.151796646875 0.7510775984375 0.055705690625000005