19 0.2553256296875 0.2081821046875 0.23133986874999998 0.205479884375 0.2027902859375 0.20640013906250002 0.1897504203125 0.22359602031249998 0.18192323906250002 0.25008660312500003 0.188718759375 0.267904459375 0.2084628140625 0.2792895203125 0.2669224171875 0.2917154921875 0.270203259375 0.2546741125 0.2694666796875 0.2299574109375 0.2553256296875 0.2081821046875
16 0.8472666249999999 0.43503905156249995 0.8213176656250001 0.391784684375 0.7786953890625 0.38751726249999996 0.6027979296875 0.3583158140625 0.3761491234375 0.3255151671875 0.3322808640625 0.3102004046875 0.32337013125 0.32487946874999996 0.318375378125 0.3483779375 0.3341225421875 0.4339915703125 0.35434189531250004 0.44407992656250006 0.3671437546875 0.45618581249999995 0.38309004375 0.480740946875 0.4358183140625 0.49194868593749996 0.4548507921875 0.5019844421874999 0.8441586296875 0.5436011421875 0.874394375 0.5394451250000001 0.8780398234375 0.516658234375 0.89608008125 0.5041193859375 0.885430434375 0.48188814375 0.8472666249999999 0.43503905156249995
10 0.7126182562500001 0.19016965937500002 0.686162640625 0.15399593281249999 0.5057621953125 0.107463921875 0.3673426875 0.0898228265625 0.3530902296875 0.140905540625 0.3270236625 0.24099347031249999 0.323274890625 0.275539278125 0.326112959375 0.3007026640625 0.3370376125 0.316003703125 0.3660237671875 0.32336295625 0.5668815734375 0.3506815578125 0.67990604375 0.371311159375 0.8113953484374999 0.3886772515625 0.795521025 0.3581471375 0.7833198968749999 0.32160880625 0.7608217328125 0.2780895484375 0.7126182562500001 0.19016965937500002
15 0.2735300921875 0.42690284843750004 0.264234828125 0.5307553046875 0.28018111874999996 0.5553104375 0.34655115 0.5915818484375001 0.4116253421875 0.611404071875 0.417216353125 0.6020096546875 0.4134969078125 0.5800534171875 0.394207621875 0.5054677609375 0.3819751359375 0.4747133640625 0.36738740000000003 0.455039546875 0.348102025 0.44055716718750004 0.290445328125 0.4187174140625 0.2735300921875 0.42690284843750004
12 0.91444103125 0.6112545640625 0.9181805531249999 0.571115865625 0.9129502359374999 0.53466149375 0.8995714843749999 0.50366345 0.8812349765624999 0.518535440625 0.880665603125 0.53718395 0.885895921875 0.5736383218750001 0.8759747703125 0.6372228875 0.91444103125 0.6112545640625
8 0.8508898984375 0.910239134375 0.8752539890625 0.8942522359374999 0.8870579859375001 0.85562801875 0.8923277437499999 0.8251993484375 0.8923101093750001 0.798039678125 0.8978954796874999 0.7604897609375 0.9178073031249999 0.7166002578125 0.9264475046875 0.6703148984375 0.9229134640625001 0.62024376875 0.9176887875 0.6119448968750001 0.8789982437500001 0.6342713796874999 0.8865955031249999 0.5759834578125 0.8822271984375 0.54111004375 0.8478410765625 0.543185815625 0.798988178125 0.5409885234375 0.651345934375 0.522585128125 0.4820317078125 0.50656386875 0.4557534125 0.5033743546875 0.4332821328125 0.4926076609375 0.380066571875 0.4836924546875 0.40075949531250005 0.524431884375 0.4195614890625 0.6013100734375 0.4116253421875 0.611404071875 0.3573354796875 0.5962702390625 0.28341687968749996 0.5569966 0.2658370296875 0.534490353125 0.2312386203125 0.5319284546875 0.2122521296875 0.7311628156250001 0.19349221249999998 0.803451465625 0.21123362812500002 0.841167421875 0.23313553593749997 0.870582628125 0.2723560109375 0.8964906765625 0.3008235140625 0.9119263984374999 0.3406466015625 0.9227871671875001 0.4672758359375 0.946108875 0.5193238874999999 0.9501833734374999 0.5826648046875 0.9612507906250001 0.736307746875 0.9457867156249999 0.8106497562499999 0.92764369375 0.8508898984375 0.910239134375
14 0.329101421875 0.062126156249999995 0.3096020296875 0.0749538828125 0.304488196875 0.0924367640625 0.2536016046875 0.2050201890625 0.21052557656249998 0.289312415625 0.184290375 0.460648796875 0.197423903125 0.5660738265624999 0.21816795937500003 0.4562684984375 0.26234385625 0.30292251875 0.307447528125 0.2156667890625 0.33756663593749997 0.116240578125 0.3367192125 0.0657421265625 0.329101421875 0.062126156249999995
6 0.205822446875 0.307681296875 0.20702492343749998 0.284175459375 0.317010275 0.0673434640625 0.29629076875 0.07651735781249999 0.242743278125 0.15558866875 0.21483345625 0.2051661515625 0.1920329921875 0.27579725312500003 0.1771587109375 0.3880482953125 0.177805690625 0.39158030625 0.1832548015625 0.44485395937499994 0.205822446875 0.307681296875
22 0.190153990625 0.79755033125 0.2096227390625 0.7331997078125 0.2292829421875 0.5289169765625 0.21761174687499998 0.5406131765625 0.2033740296875 0.584111340625 0.19525247968749998 0.62232023125 0.1938699359375 0.619430575 0.17283166249999998 0.7822871546875 0.17794478125 0.8221111046875 0.190153990625 0.79755033125
22 0.17362655 0.3473623328125 0.16256289375 0.429473584375 0.16208022500000002 0.43456256406250005 0.158343446875 0.46811254062499996 0.16190320625000001 0.4842442359375 0.1716437296875 0.4929039515625 0.18021613593750002 0.3313911890625 0.17362655 0.3473623328125
17 0.8086964359375 0.30743451718750003 0.7881162359375 0.30186200625000004 0.7873068265625001 0.2990941734375 0.7881818484374999 0.32503835625 0.8034276921875 0.3632222421875 0.8207776203125 0.35393115 0.82186101875 0.324409725 0.8086964359375 0.30743451718750003