19 0.241344125 0.43098345625 0.22513217343749997 0.443223084375 0.215494140625 0.4583139296875 0.248420278125 0.442135771875 0.25793581875 0.42821038125 0.241344125 0.43098345625
17 0.5770109875 0.43621604999999997 0.57262683125 0.44616383906249996 0.5708419218749999 0.4724886625 0.5482380375 0.46893456875000006 0.5632898109375 0.49015540625 0.622869184375 0.48384859843749994 0.6227023390624999 0.46301389843749996 0.6134895171875 0.451637009375 0.5994416328125001 0.4432869265625 0.5770109875 0.43621604999999997
10 0.296275696875 0.448343909375 0.522362359375 0.46287632343749996 0.5330637703125001 0.44887918437499996 0.5697002890625 0.363765921875 0.47441994374999996 0.358464875 0.35515735937500004 0.36085538437500003 0.32541085000000003 0.3785460640625 0.288898528125 0.4082908703125 0.248993678125 0.44789130000000005 0.296275696875 0.448343909375
16 0.4522822140625 0.4588492046875 0.34413111406249997 0.45455204687500006 0.2494632390625 0.443423721875 0.22603398437500002 0.4570650515625 0.196840459375 0.4807055015625 0.1657365984375 0.51317903125 0.19461866562500002 0.52426658125 0.2583512265625 0.5345001328125 0.328502534375 0.5359816828125 0.4458734390625 0.5310356875 0.4927249671875 0.5243730703125 0.5255419890625 0.4643888453125 0.4522822140625 0.4588492046875
12 0.46921756875 0.5611800109375 0.483272434375 0.548910053125 0.49707005156250006 0.5260080874999999 0.41990735625 0.535180134375 0.3874898515625 0.5353079078125 0.355098040625 0.5688243984375 0.3979124796875 0.5688074453125 0.40712530312500006 0.5801843343749999 0.43933689062500003 0.570804665625 0.46921756875 0.5611800109375
15 0.20209263281249998 0.529765446875 0.1821871421875 0.522959975 0.1662265765625 0.508517209375 0.151263503125 0.53129668125 0.1448050984375 0.54790005 0.159856871875 0.5691208875 0.17006830625 0.559785571875 0.1946052875 0.569238103125 0.20209263281249998 0.529765446875
11 0.579169775 0.382043378125 0.5780043187499999 0.381920884375 0.5573703140624999 0.42315398593750003 0.5421966890625 0.4722273640625 0.560317271875 0.505357659375 0.5630099125 0.5955865250000001 0.5563095078125 0.698575325 0.6370216625 0.70234519375 0.638891109375 0.628503278125 0.651705196875 0.5271389937500001 0.64541704375 0.4561710578125 0.624792840625 0.3646466734375 0.60187221875 0.3622376203125 0.579169775 0.382043378125
3 0.6527102593749999 0.547472628125 0.638902253125 0.6994006390624999 0.6779759249999999 0.7050785546875 0.699530340625 0.6009015359375 0.7071343140625 0.5229490234374999 0.697412215625 0.4584937578125 0.66735706875 0.39877499375 0.6329206984375 0.36766121875 0.62537556875 0.364707921875 0.649643740625 0.48509161093750003 0.6527102593749999 0.547472628125
22 0.4888618734375 0.727425359375 0.4520497109375 0.735732321875 0.450986334375 0.7346386140625001 0.4532093578125 0.7639377374999999 0.48690665624999996 0.7759241640625001 0.5122293515624999 0.7760326390625 0.52604855625 0.7603993109375 0.5380752296875 0.7225820859375001 0.5478094765625 0.6692056265625 0.5448467953125 0.6170477156249999 0.536408009375 0.587095290625 0.52429205 0.577180765625 0.5076198671875 0.5881936890625 0.48517766093750003 0.702685978125 0.4888618734375 0.727425359375
22 0.6524450234375 0.7461897468750001 0.6500837828125 0.7481018421875001 0.653737665625 0.77499830625 0.6715385781250001 0.790616440625 0.699478590625 0.7919819484375 0.7147904890625 0.7770946734375 0.72878933125 0.73359308125 0.7316924125 0.666733396875 0.7237820890625 0.6168049046874999 0.7122908625 0.614026021875 0.7038381125 0.625313678125 0.6915775390625 0.670961853125 0.6815283156249999 0.7366776703125 0.6524450234375 0.7461897468750001
22 0.1988909984375 0.7134448124999999 0.14806245468749998 0.7187074859375 0.1521252375 0.7454505390625 0.17277912812500001 0.7656890781250001 0.2074248796875 0.763046065625 0.228276475 0.7402963390624999 0.2366353015625 0.7168227328125 0.1988909984375 0.7134448124999999
22 0.41009331875 0.7313225265625001 0.3814381703125 0.73302406875 0.3828696171875 0.73435285 0.389273225 0.75937805 0.4219683953125 0.76968804375 0.43721030625 0.7648092171875 0.44765387968750003 0.73644863125 0.41009331875 0.7313225265625001
8 0.5234596421875 0.5495989078125 0.510910846875 0.5176433968749999 0.496109340625 0.5276746078125 0.47298983906250003 0.5607909390625 0.4067164015625 0.5803377453125 0.397984228125 0.569993315625 0.349444590625 0.568426584375 0.38143800156249996 0.5368321046875 0.2637906046875 0.5388032125 0.2065905421875 0.5280779234375 0.2018266421875 0.5285591593750001 0.1997780890625 0.56860345625 0.1706720359375 0.563384015625 0.16092025000000001 0.5702145953125 0.14283175625 0.5461215359375 0.12942262499999999 0.5690643328125 0.11878369062500001 0.6553389453125 0.11854398125000001 0.6912528171875 0.1651231234375 0.7077353937499999 0.45490151562500003 0.7328898453125 0.4823264421875 0.7092598953125 0.50251588125 0.5713570078125 0.5234596421875 0.5495989078125