19 0.418359375 0.3263671875 0.396484375 0.3056640625 0.3677734375 0.31484375 0.3505859375 0.3296875 0.3494140625 0.3607421875 0.35625 0.3849609375 0.4033203125 0.394140625 0.4287109375 0.387109375 0.4390625 0.37109375 0.433203125 0.346875 0.418359375 0.3263671875
17 0.728515625 0.252734375 0.7376953125 0.27109375 0.7560546875 0.296484375 0.7619140625 0.276953125 0.7548828125 0.2515625 0.7341796875 0.2390625 0.728515625 0.252734375
16 0.6009765625 0.484765625 0.6169921875 0.4998046875 0.6251953125 0.5216796875 0.6619140625 0.5330078125 0.73203125 0.5400390625 0.7767578125 0.5365234375 0.8400390625 0.526171875 0.880078125 0.508984375 0.9134765625 0.489453125 0.92265625 0.4767578125 0.923828125 0.4583984375 0.9099609375 0.4296875 0.8859375 0.4033203125 0.823828125 0.350390625 0.7974609375 0.330859375 0.76875 0.316015625 0.689453125 0.3447265625 0.633203125 0.3583984375 0.535546875 0.3734375 0.496484375 0.372265625 0.49296875 0.3849609375 0.5044921875 0.408984375 0.5216796875 0.43203125 0.6009765625 0.484765625
10 0.5275390625 0.369921875 0.5861328125 0.3630859375 0.689453125 0.3423828125 0.733203125 0.32734375 0.7583984375 0.311328125 0.691796875 0.2216796875 0.6560546875 0.1642578125 0.630859375 0.1390625 0.5515625 0.1470703125 0.5056640625 0.157421875 0.411328125 0.172265625 0.4171875 0.2 0.4642578125 0.350390625 0.47578125 0.3619140625 0.496484375 0.369921875 0.5275390625 0.369921875
22 0.452734375 0.7880859375 0.457421875 0.836328125 0.4826171875 0.9087890625 0.5021484375 0.941015625 0.5228515625 0.958203125 0.574609375 0.958203125 0.6205078125 0.9443359375 0.646875 0.88359375 0.6515625 0.8537109375 0.6056640625 0.83984375 0.5986328125 0.7939453125 0.59296875 0.703125 0.576953125 0.6388671875 0.5388671875 0.62734375 0.498828125 0.64921875 0.4802734375 0.68125 0.4654296875 0.719140625 0.452734375 0.7880859375
15 0.613671875 0.5755859375 0.6388671875 0.590625 0.6630859375 0.590625 0.706640625 0.603125 0.728515625 0.6134765625 0.7365234375 0.6123046875 0.733203125 0.5859375 0.745703125 0.582421875 0.7193359375 0.5412109375 0.674609375 0.5388671875 0.6296875 0.52734375 0.572265625 0.4998046875 0.574609375 0.52265625 0.5953125 0.56875 0.613671875 0.5755859375
8 0.6021484375 0.83984375 0.6447265625 0.8455078125 0.7228515625 0.8478515625 0.746875 0.81796875 0.7962890625 0.8076171875 0.86640625 0.784765625 0.9330078125 0.7501953125 0.945703125 0.738671875 0.9572265625 0.7158203125 0.962890625 0.6892578125 0.958203125 0.5951171875 0.959375 0.5365234375 0.9501953125 0.5169921875 0.923828125 0.4779296875 0.90078125 0.4951171875 0.845703125 0.526171875 0.72734375 0.5421875 0.743359375 0.58828125 0.730859375 0.589453125 0.7365234375 0.6193359375 0.7021484375 0.606640625 0.684765625 0.5962890625 0.6595703125 0.590625 0.6400390625 0.5916015625 0.61015625 0.5802734375 0.591796875 0.5998046875 0.56875 0.6181640625 0.59296875 0.7294921875 0.6021484375 0.83984375
14 0.2953125 0.2998046875 0.283984375 0.3572265625 0.2861328125 0.45390625 0.2828125 0.4998046875 0.2873046875 0.5998046875 0.391796875 0.66875 0.4412109375 0.6904296875 0.4390625 0.6537109375 0.4435546875 0.5205078125 0.452734375 0.3974609375 0.4447265625 0.335546875 0.418359375 0.2470703125 0.3896484375 0.178125 0.3654296875 0.1482421875 0.337890625 0.13203125 0.31953125 0.1251953125 0.3126953125 0.15859375 0.2953125 0.2998046875
6 0.1390625 0.3837890625 0.1712890625 0.43203125 0.1896484375 0.5169921875 0.201171875 0.5560546875 0.2849609375 0.60078125 0.2873046875 0.56171875 0.2828125 0.3583984375 0.294140625 0.29765625 0.3080078125 0.1826171875 0.318359375 0.1275390625 0.3103515625 0.1171875 0.223046875 0.0953125 0.196484375 0.1470703125 0.142578125 0.352734375 0.1390625 0.3837890625
7 0.0587890625 0.23671875 0.0748046875 0.23203125 0.1 0.230859375 0.08515625 0.1896484375 0.0771484375 0.15625 0.06796875 0.1884765625 0.0609375 0.211328125 0.0587890625 0.23671875
22 0.110546875 0.475390625 0.10234375 0.5537109375 0.1072265625 0.6193359375 0.1205078125 0.6705078125 0.143359375 0.7095703125 0.18046875 0.7140625 0.2044921875 0.6951171875 0.2265625 0.634375 0.19375 0.6212890625 0.195703125 0.56875 0.192578125 0.54296875 0.1705078125 0.4369140625 0.1484375 0.440625 0.1458984375 0.442578125 0.13203125 0.4462890625 0.110546875 0.475390625