2 0.4094961921875 0.28823545 0.4469519734375 0.3461201203125 0.46435102187500005 0.3497066265625 0.5441166234375 0.33418261718750003 0.6377602453125 0.3222340640625 0.715778178125 0.3181453171875 0.6757724453125 0.27877885468749997 0.6208921953125001 0.23921403125000001 0.5438605390625 0.23973063906249997 0.48436081406250003 0.2463693375 0.4295208921875 0.2560886953125 0.3956120984375 0.26588458125000003 0.4094961921875 0.28823545
20 0.7786152078125 0.3527947921875 0.7684872453125 0.33494100625 0.755328903125 0.3264383203125 0.7240313921875 0.3188862671875 0.62742286875 0.3227758234375 0.5521134625 0.3337635203125 0.4759199984375 0.35027380468749997 0.45163305 0.3458747953125 0.45449407343750003 0.3594154921875 0.47676841249999996 0.3664625265625 0.4924410640625 0.3781583125 0.4978368421875 0.3952821984375 0.520964571875 0.39622151250000004 0.53519538125 0.428919978125 0.563986025 0.537914128125 0.5872977500000001 0.542364246875 0.7330829890625 0.5139924296875 0.7543751999999999 0.506031234375 0.7628165546875 0.49170262343750004 0.7714311421875 0.3911139171875 0.7664790515625 0.3637965890625 0.7786152078125 0.3527947921875
4 0.448093215625 0.47612136562499996 0.500065478125 0.48258989999999996 0.5552888546875 0.5025786890624999 0.523232728125 0.39844960937499996 0.49437714374999997 0.39644141718750003 0.4003144265625 0.4003931328125 0.39745781875 0.41305999531250004 0.41397888437499997 0.4409445015625 0.42384632499999997 0.47621860937499993 0.448093215625 0.47612136562499996
7 0.7722182265625 0.40613236875 0.7691480578125 0.4557751453125 0.8072829203125 0.414660475 0.7976138421875001 0.36451185 0.7843541109375 0.3503426421875 0.7663052796875001 0.3604808265625 0.7722182265625 0.40613236875
0 0.7286693203125 0.6499566328124999 0.7748369312500001 0.6314994875 0.7929871515625 0.627027825 0.807080659375 0.6309831484374999 0.8284853109375 0.6251674453125 0.8223776109375001 0.48623419375 0.80506504375 0.417123675 0.7704409890624999 0.4580543515625 0.7629392171875 0.49404316093749995 0.75099810625 0.5050347359375 0.7308037828125 0.5152853609375 0.6987440484375 0.5193125078125 0.6202713765625 0.5371157234374999 0.59166111875 0.5397886062499999 0.56146149375 0.5345259828125 0.5555341796875 0.507259765625 0.5364742125 0.49437243750000004 0.4514089765625 0.4759475953125 0.4283434078125 0.4724624765625 0.4352058875 0.4951813328125 0.4362894046875 0.515856084375 0.4301783671875 0.5298669890625 0.41220191875 0.5376544125 0.3814964453125 0.545131034375 0.370653221875 0.5584120390625 0.3926468640625 0.6272772328125 0.4030560625 0.6728887171875 0.419061059375 0.7133174234374999 0.47880610937499996 0.7113598015625 0.5359141859375 0.7038685421875 0.5581926734375 0.69233520625 0.6943917093749999 0.6564469796875 0.7286693203125 0.6499566328124999
17 0.22176911875 0.3970375609375 0.2219172015625 0.3774717453125 0.21553514843750002 0.363919996875 0.198677859375 0.370670865625 0.18771197343749998 0.38161133281250004 0.1852744625 0.40227503281250004 0.1984941359375 0.41194798749999995 0.22046181874999998 0.41314367656249995 0.23165175625 0.4102102703125 0.23327676406250003 0.3964344703125 0.22176911875 0.3970375609375
22 0.34504873125 0.7080039593749999 0.36250523281249997 0.7761290328125 0.3728171890625 0.7974936265625 0.42899010000000004 0.794549728125 0.43480553437499997 0.7711664515625001 0.43991980625 0.7157447125 0.418074784375 0.7168895609375 0.381496715625 0.5899189640625 0.3572241359375 0.5671346296875 0.3414401421875 0.59436520625 0.3403784359375 0.6599403265625 0.34504873125 0.7080039593749999
3 0.27196883125000004 0.5264235671875 0.2873516625 0.6408143234375 0.3286765765625 0.656837565625 0.32372919218749996 0.5624358671875 0.34299471718749996 0.4822160875 0.3765380328125 0.31617050625 0.356172984375 0.2634531453125 0.3418034859375 0.2542316109375 0.30981530468749996 0.2596240703125 0.2685494828125 0.43878710625000006 0.27196883125000004 0.5264235671875
11 0.3059450734375 0.26041364218749996 0.2992820546875 0.26389212500000003 0.2775862140625 0.286543015625 0.25152285937499996 0.3303499140625 0.23266676875 0.3698674859375 0.2241958484375 0.4246828171875 0.2357957390625 0.6087029187499999 0.2850025609375 0.63330979375 0.26737340781249996 0.464860953125 0.2715917421875 0.42219890312499997 0.308449990625 0.25969562343749997 0.3059655171875 0.2608037328125 0.3059450734375 0.26041364218749996
22 0.7676296640625 0.6357888140625 0.6726975281249999 0.671665721875 0.6707470796874999 0.671767940625 0.6855331859375 0.7001345328124999 0.7127237046875 0.7114222734375 0.737094915625 0.706233421875 0.7571886812499999 0.6866002015625 0.7676296640625 0.6357888140625
22 0.1889217203125 0.572630115625 0.20234278125 0.645856190625 0.213905953125 0.6724358859375 0.24026767031250001 0.6716410671874999 0.2523372484375 0.636977515625 0.2289454078125 0.6235348890625 0.22093227343750002 0.604983528125 0.208712975 0.5285651828125 0.1988422171875 0.5081553703125 0.19160345625 0.5155756359375 0.191695453125 0.517331040625 0.1889217203125 0.572630115625