12 0.444530975 0.375918259375 0.446665715625 0.3427694421875 0.46067565781250003 0.305344959375 0.4755023140625 0.2781114375 0.4692728546875 0.25502840781249997 0.4430444234375 0.2505947234375 0.337980728125 0.2987151796875 0.313264265625 0.3461236546875 0.309307721875 0.3586885390625 0.3287576671875 0.3949362890625 0.39591849218749997 0.3800836203125 0.444530975 0.375918259375
17 0.7049761671875 0.193099421875 0.6855795078125 0.1889043078125 0.6555922062499999 0.191374896875 0.6480471999999999 0.20596421718750002 0.6474120390625 0.257731396875 0.6324955359375 0.2595556796875 0.63715415 0.2884468015625 0.70209286875 0.27566628125000003 0.714013928125 0.258884596875 0.712868796875 0.2301161703125 0.7049761671875 0.193099421875
8 0.0868552625 0.4105269515625 0.0769053515625 0.3988444640625 0.0685820515625 0.40773909062499997 0.0637176953125 0.479878896875 0.0585875109375 0.49807031406249996 0.05605308906249999 0.5370681203125 0.060786682812500006 0.5638121109374999 0.0550566640625 0.5991805578125 0.060968235937500004 0.625770253125 0.07471915 0.6573240625000001 0.22962100937500002 0.6650785328125 0.4412541640625 0.665628821875 0.4527241109375 0.6337831546875 0.480277403125 0.471559990625 0.48964359843749994 0.43280075625 0.5045545296875 0.39755748281250003 0.467409515625 0.37554460624999997 0.444000546875 0.3575291703125 0.44331891562500003 0.37704852187500004 0.408728765625 0.377013196875 0.33214845625 0.398572465625 0.309307721875 0.3586885390625 0.3393563796875 0.292900271875 0.32492631250000004 0.2751983859375 0.24555505000000002 0.2759444484375 0.20514751250000002 0.2802009015625 0.14497523437499998 0.2908026890625 0.1170098875 0.30252916875 0.10445057499999999 0.331991615625 0.1020363671875 0.3731433671875 0.0868552625 0.4105269515625
16 0.5714668921875 0.2275234859375 0.50236590625 0.23077794062499998 0.338003665625 0.23090123125 0.29412354218750003 0.23386382968750002 0.21673333593750002 0.24503694375 0.159958665625 0.2590797171875 0.1283230609375 0.275172953125 0.1174938453125 0.2886704296875 0.1206051671875 0.300309540625 0.1509128359375 0.28866485625 0.1939080828125 0.2774632328125 0.27913763125 0.27125423125000003 0.32269986875 0.2717983 0.3425928734375 0.2953584703125 0.44898202343750004 0.24845689062499998 0.48490259062499996 0.238376234375 0.5735297453125 0.23560821562499998 0.5714668921875 0.2275234859375
11 0.61671709375 0.185326990625 0.61770420625 0.2521990515625 0.621107384375 0.28905902499999997 0.6266223656250001 0.360584128125 0.6192241843749999 0.639597465625 0.7186886046875001 0.6510835328125 0.7521484921875 0.6499068 0.761207365625 0.3904946109375 0.7580347062499999 0.3190513015625 0.7529014296875001 0.2981563 0.7334130828125 0.13429040625 0.7254386562499999 0.0996159796875 0.678962771875 0.08177218750000001 0.6591639515625001 0.08909349062500001 0.6408238125 0.11620432031250001 0.6222494390625 0.15561915625 0.61671709375 0.185326990625
3 0.7520666968749999 0.652249121875 0.7670965984375 0.652773978125 0.8197579515625 0.6557855421875 0.8439024906249999 0.423283415625 0.8438411531250001 0.36347921875 0.8306460828125 0.27683312187500003 0.8166851062499999 0.21771612812500002 0.8101681265625 0.174884471875 0.8003818078125 0.1585173390625 0.727746896875 0.10067374375 0.73555773125 0.1400328140625 0.74022191875 0.202342925 0.7579529109375 0.321393625 0.7610561640625 0.4284030515625 0.7556086890625 0.6179768578125 0.7520666968749999 0.652249121875
10 0.33386990625 0.18698020937499998 0.302437546875 0.23083182500000002 0.5841544703125 0.2279665453125 0.5972875890625 0.21005459843750002 0.6384734375 0.08837096250000001 0.63058638125 0.0847732046875 0.584520709375 0.0831645546875 0.5303269312500001 0.09045735 0.4423120015625 0.10927213437500001 0.40392641874999996 0.122784478125 0.3922873078125 0.1258958 0.33386990625 0.18698020937499998
22 0.5180873140625 0.4969184234375 0.48256270625 0.5404317015625 0.4721319234375 0.6432553109375 0.45071640156250004 0.6688907234375 0.438781709375 0.68606279375 0.430157246875 0.7371601203125 0.433774825 0.8070555125000001 0.4466687421875 0.87434336875 0.480677028125 0.8966375718749999 0.5313728125 0.8999713593750001 0.5639595984375 0.87902555 0.5868338109375 0.8116187234375 0.5984128265625 0.715089021875 0.5970557765625 0.6476177468750001 0.5806638734375 0.5293955359375 0.542285115625 0.481151746875 0.5180873140625 0.4969184234375
22 0.80823594375 0.7450862671875 0.8068045187499999 0.78607690625 0.8137521609375 0.844558125 0.8277571375000001 0.8800294375 0.8770277 0.879404825 0.8887064734375001 0.8471755875 0.902985975 0.7628569453125 0.9079829421875001 0.6645339421875 0.8873680390625 0.5832962546875 0.86084216875 0.5817836562500001 0.8309056578125 0.745096184375 0.8090439828125 0.7443327578125001 0.80823594375 0.7450862671875
22 0.09299792500000001 0.7550918531249999 0.10080132187499999 0.8114532078125001 0.1273278046875 0.857719653125 0.177086040625 0.8655156281249999 0.20373460468750001 0.8635147421875 0.24529286250000001 0.7983238296875 0.24922338437499997 0.7529255359375 0.130469509375 0.7229815937499999 0.091572090625 0.7063796046874999 0.08858965625000001 0.7078389078125 0.111074090625 0.715952765625 0.09299792500000001 0.7550918531249999
21 0.844368471875 0.46590376562499997 0.8243019328125 0.6543807687500001 0.83631531875 0.6573408953125 0.8536528546875 0.5526087296875 0.872200584375 0.49716757500000003 0.898388740625 0.4859653296875 0.9167158609375001 0.503998734375 0.9205794296875001 0.6731819453125001 0.9374844296875 0.6647824296875 0.9534277328125 0.5160294765625 0.946925015625 0.394439403125 0.9386345609375001 0.3744113078125 0.841552125 0.33388911875 0.845271334375 0.3561027625 0.844368471875 0.46590376562499997