10 0.499363253125 0.3060132515625 0.3906460015625 0.3421990515625 0.3697376765625 0.3660441125 0.3507937875 0.388429696875 0.28739240312500003 0.49023642812499996 0.37059394375 0.463356353125 0.46203273749999996 0.445969134375 0.5270190796875001 0.4368359 0.6471424031249999 0.42567339375 0.6579933171875 0.40324181093749994 0.6602274609375 0.319498709375 0.6647156468750001 0.2770547625 0.6040449984375 0.2832146828125 0.5577589578125 0.2920865453125 0.499363253125 0.3060132515625
19 0.26389234687499996 0.46336265781249997 0.2604663515625 0.488103678125 0.2651761953125 0.5061787890625 0.288272684375 0.47965941875 0.30308278906249997 0.4531212328125 0.26389234687499996 0.46336265781249997
17 0.788542059375 0.39889785 0.7766163875000001 0.371580796875 0.7610713109375 0.3690319484375 0.7335012515625 0.3707371171875 0.7195599265625 0.37959956093749997 0.7203848125000001 0.417746628125 0.7008345484375 0.42739735625 0.70603680625 0.4475728140625 0.7179373796874999 0.449450471875 0.74061255 0.43817717500000003 0.781634653125 0.42412815156250006 0.788542059375 0.39889785
16 0.35808388125 0.5231007203125 0.43809570156250005 0.5142225765624999 0.48287626875 0.511479253125 0.5132565484375 0.512929309375 0.5387722593750001 0.503623584375 0.5648368453125 0.5080469546875 0.5898789546875001 0.488354496875 0.609728225 0.48083129687500004 0.6281640171875 0.4632506875 0.6502328125 0.43924253281250003 0.6479766859375 0.42318935937499996 0.5978830484375 0.43022956093750003 0.5475207234374999 0.43395458124999997 0.38629061249999996 0.4599669390625 0.2839109921875 0.4907257078125 0.24382458749999997 0.5184494625 0.2277097359375 0.5357038859375 0.2154892578125 0.5652310671875 0.22875939375 0.560013128125 0.2439207828125 0.5612352765625 0.2609870140625 0.5507502640624999 0.3002046390625 0.5407022515625 0.32981545 0.52825698125 0.35808388125 0.5231007203125
12 0.5524835921875 0.5352260125 0.542728334375 0.5738738624999999 0.5396285265625 0.600935825 0.6574058109375 0.5646601125 0.669961871875 0.4968227703125 0.6599389578125 0.4830445390625 0.63964640625 0.478993353125 0.6156633515625 0.48236395312499997 0.584106921875 0.4879823109375 0.566160409375 0.5090443328124999 0.5524835921875 0.5352260125
8 0.216600615625 0.6475178296874999 0.18278805781250002 0.6370830140625 0.1734948984375 0.6790188640625 0.1841858875 0.7635094734375001 0.181295171875 0.78363893125 0.182760928125 0.8193291468749999 0.189847128125 0.8613298109375 0.2016557046875 0.87939341875 0.27283018124999997 0.88201334375 0.2907306953125 0.8690442968750001 0.3308537 0.87385866875 0.4169637421875 0.8676736515625001 0.4528358671875 0.8590819765625 0.483751425 0.8559204703125 0.5070172921875 0.8642873515625 0.7128533734375 0.8272724671875 0.6995518578125 0.7733252312500001 0.69509396875 0.7416057078125 0.691356384375 0.623791821875 0.698760384375 0.5866578109375 0.6605610359375 0.5618498921875 0.6153894671875 0.578651634375 0.5364733015625001 0.603746046875 0.5405704859375 0.5753605203125 0.5526466859375 0.5363864828125 0.565997315625 0.5078838609375 0.543546915625 0.5053193328125001 0.517227240625 0.515921440625 0.46469556562500003 0.514034384375 0.358246975 0.524261190625 0.269914271875 0.548312228125 0.2492150390625 0.565224784375 0.216649728125 0.5650679734375 0.216600615625 0.6475178296874999
15 0.2155812546875 0.5490451171874999 0.1977978359375 0.571267609375 0.1899390515625 0.5897285 0.1865402390625 0.614662934375 0.1860760578125 0.636620915625 0.2127773375 0.652591490625 0.21597853906250003 0.5687124781249999 0.2155812546875 0.5490451171874999
22 0.7149537203125 0.82678005 0.6621188625000001 0.8367695203125001 0.661620175 0.837431303125 0.6804762656250001 0.890203428125 0.7000704453125 0.8977057078125 0.7498891265625 0.890112453125 0.7627065703125 0.8774633218749999 0.764858125 0.805762975 0.756780809375 0.7258358375 0.7327109562499999 0.6457895203125 0.7107414609375 0.601738696875 0.6978612859375 0.6055212062499999 0.692950728125 0.6393463078125 0.7036595015625 0.7646614296875 0.7149537203125 0.82678005
22 0.3468431015625 0.8753589125 0.29785033906249997 0.871988334375 0.2705573328125 0.8854884828125 0.24061196875 0.8871330140625 0.253949021875 0.91326555 0.27848618125 0.9334849109375 0.3225087828125 0.9239449937499999 0.3460955953125 0.88828404375 0.3468431015625 0.8753589125
22 0.8555243015625 0.7393735859375 0.8648153890625 0.7591716265625 0.8816829890625 0.77534084375 0.9159200015625 0.7691485203124999 0.9215341609375001 0.7417331890625001 0.9126497453125 0.664483496875 0.9006937453124999 0.6018661890625 0.8853441625 0.5740441749999999 0.8843164781249999 0.6130433015625 0.8885475109375 0.6838466328125 0.896108353125 0.7236110390625 0.8560533093749999 0.7375241499999999 0.8555243015625 0.7393735859375
11 0.772008065625 0.73454354375 0.8400607609374999 0.7009170625000001 0.8378464234375 0.58131124375 0.8157106781250001 0.4645051953125 0.7202666343749999 0.2751645390625 0.702149703125 0.2739633 0.6840955046875 0.2816286828125 0.6797359046875 0.3039368984375 0.6767511093749999 0.3654982890625 0.684709225 0.3884421453125 0.7189117625 0.47041734999999996 0.772008065625 0.73454354375
3 0.8160462718750001 0.46268294374999996 0.8397136328125001 0.5861768546875 0.8415296437500001 0.6987383046875 0.8689345156250001 0.6846307406250001 0.8765193828125 0.6529938046875 0.8754686625 0.5683317359375 0.8671508843750001 0.4726598375 0.818651559375 0.3857907984375 0.774339340625 0.31608417499999997 0.72622894375 0.27689060625 0.722360709375 0.2774342515625 0.8160462718750001 0.46268294374999996