10 0.39657404375 0.24134257187500002 0.3765242640625 0.26041329062499996 0.3281299109375 0.32405506093750003 0.2961535 0.3597630875 0.4256802015625 0.3528947359375 0.5960141250000001 0.35613182656250003 0.6200204484375 0.34962599375000003 0.6345347890624999 0.3399338578125 0.646907575 0.29689771249999997 0.66067645 0.1987011171875 0.515997153125 0.20258084062499998 0.4188843515625 0.219847734375 0.39657404375 0.24134257187500002
17 0.7226426609375001 0.2942529859375 0.6926553578125 0.291782396875 0.6841288125 0.3106461484375 0.6863360515625 0.34027466562500003 0.6847980546875 0.363389296875 0.7395222609375 0.3522930015625 0.75059561875 0.33920326093750003 0.752256309375 0.31960211250000004 0.741352115625 0.303957509375 0.7226426609375001 0.2942529859375
19 0.2808441296875 0.3522850078125 0.29142795781249997 0.3587555171875 0.30707008281250003 0.3421838953125 0.324654846875 0.3196814875 0.3184377765625 0.3095407203125 0.2935781796875 0.31959411875 0.28246392343750004 0.3315126984375 0.2808441296875 0.3522850078125
16 0.5651648828125 0.42971421249999997 0.622080209375 0.38062768125 0.6214735578125 0.3632554578125 0.6140419500000001 0.34631699843749997 0.5925006421875 0.3562545203125 0.43387832968750006 0.3526084515625 0.2903794890625 0.3623098984375 0.23111254531249997 0.40561560312499995 0.21025286875 0.43507247656250003 0.1974029421875 0.4644450765625 0.21961906406249998 0.4738317125 0.2485170015625 0.47868552031249995 0.3428388484375 0.482231834375 0.48731117656249995 0.46682887656250005 0.5363338734374999 0.45475909375 0.5623237343749999 0.4434936359375 0.5651648828125 0.42971421249999997
12 0.5550253671875 0.5311064046875 0.5937028078125001 0.5193978859375 0.6209635875 0.443791065625 0.601001175 0.43178511718749996 0.5806719250000001 0.44285290312500003 0.5534359234374999 0.4520121296875 0.5179131828125 0.45892012656250003 0.4842407546875 0.47963914843750005 0.4456042125 0.492518828125 0.42365516875000003 0.524358921875 0.4603366828125 0.550633825 0.5550253671875 0.5311064046875
15 0.20787646406250002 0.4341783046875 0.18637605468750001 0.4452869875 0.1746402796875 0.4673897125 0.17135979375 0.50776316875 0.178791403125 0.524701628125 0.1896206171875 0.5381991046875 0.19730318593750001 0.528745540625 0.2144368375 0.521307115625 0.2076540140625 0.4949652859375 0.1996225703125 0.460849796875 0.20787646406250002 0.4341783046875
8 0.200916425 0.46432238281249993 0.21556710156249997 0.52009505625 0.19632721718749999 0.5287796218749999 0.185253859375 0.5418693625000001 0.1680508 0.51374166875 0.1577315734375 0.5428304625 0.156309453125 0.5692633828125 0.1659904421875 0.6506157046875 0.163056353125 0.7288907859375 0.18665060625000002 0.7497597578125 0.22402613906250002 0.762330215625 0.3418238828125 0.7777597828125 0.39710702656249997 0.7826693578125 0.4983808609375 0.7838231546875 0.53620750625 0.7813296296875001 0.5771138703124999 0.7718884546875 0.61441318125 0.7486976000000001 0.6207200984375 0.7334291281249999 0.62854889375 0.6274272703125 0.644054684375 0.545390840625 0.6008264390625 0.493938453125 0.5914831796875 0.522993165625 0.461589640625 0.5529352484375 0.4401765984375 0.5329672640625 0.42478543281250003 0.5231468640625 0.44899500156250005 0.48888265156250005 0.48080906562500003 0.4821041640625 0.5011792125000001 0.47220754062500003 0.51229346875 0.46028896093749994 0.436919646875 0.47327894531250003 0.378518365625 0.4798132875 0.3232785984375 0.481742303125 0.2324293375 0.4769021359375 0.200916425 0.46432238281249993
22 0.62053234375 0.7504382296875 0.6110434625 0.7697264484375 0.5875570359375 0.779927328125 0.584978621875 0.7788447781250001 0.5984798203125 0.8072971765625001 0.6468518750000001 0.8157704265625 0.6715001671875 0.7996660296875 0.6893290750000001 0.7505764046875 0.6942082828125 0.6720379671875001 0.6883722953125 0.5944600062500001 0.67589849375 0.5450605562499999 0.65875988125 0.5411641234375 0.6424869421875 0.5620572687500001 0.6283704343750001 0.6502989953125 0.6256947421875 0.7191843375 0.62053234375 0.7504382296875
22 0.808418790625 0.59593540625 0.8208238078125 0.6265758296875 0.8340083546875 0.6235748046875 0.8430002671875 0.60684455 0.84804616875 0.5554652765625 0.837799425 0.45791189374999997 0.831763915625 0.44737392343750004 0.8197245078125001 0.483167459375 0.8188365390625 0.5304929031250001 0.8089740046875 0.5726596625 0.8082341281250001 0.5738580890625 0.808418790625 0.59593540625
11 0.6942541062500001 0.43830023125000006 0.7025984937499999 0.5877094078125 0.7014793921875 0.6452053640625001 0.77702609375 0.5812017078125 0.7727466796875 0.3691124828125 0.7133557734375 0.1906077046875 0.6858564140625 0.1978218140625 0.6740252109375 0.21719182812499999 0.6654819468750001 0.33631255000000004 0.671361925 0.375975253125 0.67452591875 0.37703735312500003 0.6942541062500001 0.43830023125000006
3 0.8032991375 0.5556598562499999 0.813467784375 0.5054697140625 0.8256181015624999 0.40009867187500003 0.8134336781249999 0.31981093125000004 0.757225365625 0.21565443593750003 0.7229407046875 0.19085928593749998 0.714068384375 0.1886285046875 0.7737474328125 0.364191746875 0.7800196796875001 0.57738396875 0.8032991375 0.5556598562499999