17 0.6326390921875 0.2684335203125 0.6029779343749999 0.2892478046875 0.59619555 0.3359904234375 0.6361601921875 0.3426111375 0.6685718015625 0.340271896875 0.6740198359375 0.316673871875 0.6719728468749999 0.289942334375 0.654904971875 0.273574003125 0.6326390921875 0.2684335203125
12 0.2849275375 0.41486695625000003 0.32067655 0.416304965625 0.35244442187499997 0.40980810468750006 0.3890738640625 0.38919942500000004 0.4283389609375 0.3623839328125 0.44090115937499996 0.3444373421875 0.3482484984375 0.35070889375 0.2788440890625 0.345710375 0.2376317453125 0.374882609375 0.22695707031249998 0.40288656874999995 0.2849275375 0.41486695625000003
10 0.5875075328125 0.25380462812500004 0.65740306875 0.1733243734375 0.5566577875000001 0.14866234218750002 0.47842620937499997 0.1402227609375 0.4366140625 0.16504707031250002 0.3655349546875 0.222001871875 0.3299301078125 0.24425024843749998 0.5312590046875 0.3003522875 0.564447384375 0.28857077656249996 0.5875075328125 0.25380462812500004
16 0.5355629953125 0.29994279218750003 0.4817062109375 0.287508975 0.371987878125 0.25396005 0.3218199859375 0.24378102968749998 0.18483896875 0.256255475 0.14216389375 0.2726621109375 0.12143185000000001 0.30255359375 0.1702078734375 0.324839178125 0.23011028906250003 0.341475040625 0.34158776562500004 0.3491711421875 0.443565453125 0.34505244375 0.4933835734375 0.3385133609375 0.5160611515625 0.324505690625 0.5355629953125 0.29994279218750003
8 0.050067218749999996 0.4380188875 0.040237970312499996 0.5049048828125 0.053966728124999995 0.5357365203125 0.07489825624999999 0.564021596875 0.118945496875 0.5894249046875 0.1968673203125 0.6226487765625001 0.3131005046875 0.652289621875 0.3345495953125 0.62536998125 0.370276090625 0.554841234375 0.390202728125 0.5275701078125 0.4066752078125 0.49268622500000003 0.35720184375 0.4135122921875 0.3147768 0.41754875 0.2636862546875 0.41136617031249995 0.22490787812500002 0.399607175 0.23496745156249998 0.3742675078125 0.28345562968750004 0.34396873125 0.233608871875 0.3436859015625 0.2113429921875 0.33854541875 0.14136962343749998 0.31256874218749997 0.11111086562500001 0.3055829578125 0.0879623546875 0.3459413078125 0.073319878125 0.37984452968750004 0.0689539609375 0.4161202828125 0.050067218749999996 0.4380188875
11 0.5681565875000001 0.386244475 0.5643021109374999 0.43246035312500003 0.531448325 0.6225191796875 0.595524146875 0.6262874984375 0.6955545875 0.6245255421875 0.70541026875 0.5879136015624999 0.71097775 0.53948735 0.7335308656249999 0.4478767875 0.7553449062500001 0.27611603749999997 0.7613855234375 0.1778869625 0.71707295625 0.1718660515625 0.6796689484375 0.17846485625 0.6516474859375 0.1982545453125 0.6266553874999999 0.22836521875 0.581794171875 0.2967850484375 0.5681565875000001 0.386244475
4 0.9502411921875 0.3956787984375 0.9761340328125 0.43894033437499996 0.9849809078125 0.388464890625 0.950608465625 0.3819325375 0.9502411921875 0.3956787984375
3 0.762859634375 0.22533304375 0.7490317421875 0.31474853281250004 0.744077159375 0.383962634375 0.71961901875 0.495980190625 0.705819765625 0.5922175921874999 0.693036175 0.629356271875 0.712580240625 0.6228436234375 0.7298250828125 0.625421759375 0.7916325234375 0.621650628125 0.833231846875 0.524815628125 0.8480049062499999 0.5033704546875 0.8806379078125 0.4818391234375 0.8905668984374999 0.4440414078125 0.8950347609374999 0.41340179218750006 0.8953598125 0.3816052828125 0.890400703125 0.34317667812499997 0.8765146843749999 0.27221873125 0.848837978125 0.206295403125 0.8243770265625001 0.192429696875 0.79473336875 0.18277961874999998 0.766831353125 0.17774108125000002 0.762859634375 0.22533304375
2 0.8977362609374999 0.3296360234375 0.9709890234375 0.3535635078125 0.9659301734374999 0.286046621875 0.95429454375 0.2583040734375 0.9412231078125 0.24285839375 0.856742496875 0.21373290625000002 0.884974578125 0.289406053125 0.8977362609374999 0.3296360234375
22 0.719545634375 0.5559444203125 0.4348899453125 0.5246992171875 0.4356922359375 0.5342235484375 0.4256090921875 0.5299713500000001 0.42507422968749997 0.5236217953125 0.415525946875 0.5257191531250001 0.415258515625 0.5225443765625 0.405442803125 0.5214669562500001 0.368795859375 0.5725399984374999 0.333465275 0.636144396875 0.32139873125 0.6762549203125 0.2867165359375 0.6945068578125 0.2948491765625 0.7669428328125 0.30739166875 0.80291275 0.3419680015625 0.8207173750000001 0.3845389265625 0.822126746875 0.4199956875 0.817884684375 0.45940886875000003 0.773062878125 0.48288071875 0.7191485765625 0.4907913578125 0.661441234375 0.48236475156249997 0.6015657437499999 0.719545634375 0.5559444203125
22 0.8900632843749999 0.6624156625000001 0.8966131390625 0.597578859375 0.8853294859374999 0.56310226875 0.8474895468750001 0.535123028125 0.8275184843750001 0.56779605 0.7195456375 0.555944421875 0.8121589625000001 0.598727428125 0.7749369374999999 0.69396715625 0.754060725 0.7001722546875 0.75562099375 0.765478278125 0.7814140921875 0.779651534375 0.8151714328124999 0.78884818125 0.8440118859375 0.7776664734375001 0.8620796374999999 0.7471598875 0.8900632843749999 0.6624156625000001