17 0.430204453125 0.34018965 0.4247209734375 0.358711178125 0.42771102031249997 0.37998646875 0.42075133437499995 0.3795839640625 0.4363528703125 0.3937615625 0.48456152656249996 0.3775191453125 0.48332472812500005 0.35047495624999997 0.4694576265625 0.33881484687499996 0.44742123281249996 0.336389365625 0.430204453125 0.34018965
16 0.26199062031250003 0.4007129359375 0.21031623437500002 0.4105393125 0.1751027546875 0.4210107390625 0.095742265625 0.44715375625 0.062997140625 0.4653647875 0.0468456984375 0.4865689921875 0.057271115625 0.49338753750000003 0.20872504687500001 0.46657958125 0.3660890046875 0.4158648859375 0.379010990625 0.3815055484375 0.3580859328125 0.38839101249999997 0.26199062031250003 0.4007129359375
10 0.1784001625 0.4164054484375 0.28694700625 0.394444296875 0.33529366718750003 0.39041086406250003 0.380364871875 0.38131527187500003 0.393538821875 0.3697994296875 0.41930960156249997 0.2724924078125 0.34619683125 0.2841483609375 0.258525909375 0.30869808593750003 0.2490027375 0.318122990625 0.202552571875 0.3749452828125 0.1784001625 0.4164054484375
12 0.187851228125 0.5117208421874999 0.2230427546875 0.5109168656249999 0.2803145796875 0.4932034703125 0.3018324171875 0.48071220156249994 0.31175809375 0.46432761093749997 0.33586136875 0.43234148437500003 0.23406198281249999 0.46301870625 0.2026676046875 0.4824205265625 0.187851228125 0.5117208421874999
8 0.043543103124999996 0.62726505625 0.047245118749999995 0.6634299140625 0.0629877953125 0.688435434375 0.08749254375 0.6986005203125 0.121333325 0.69660575625 0.2445000078125 0.683240446875 0.3323120703125 0.6695186421875 0.3397693921875 0.6453944468749999 0.3555172578125 0.53430919375 0.32298748593750004 0.5063376828124999 0.3047273203125 0.483066596875 0.27276525 0.49702570625 0.24472054999999998 0.5009671328125 0.2151128734375 0.5120313375000001 0.18378958125 0.51229166875 0.20615842343750002 0.477788053125 0.239093825 0.46093090312499996 0.3370218390625 0.432178390625 0.3310658015625 0.42769019531249997 0.2813161234375 0.44138794218750005 0.2400671546875 0.4580328640625 0.0419549984375 0.49948471562499996 0.0262322109375 0.5630335453125 0.043543103124999996 0.62726505625
11 0.42403203125 0.43099489531249996 0.4374203125 0.45889531874999995 0.447108684375 0.49836072031249995 0.46341803125 0.6144077593749999 0.5129283 0.60883016875 0.56094354375 0.5926149328125 0.5712717234375 0.56927065625 0.545893965625 0.40834582187499996 0.5313148953125 0.3817961453125 0.49223523281250003 0.2581015078125 0.4570405703125 0.260286546875 0.43609669687499997 0.275458396875 0.4210680921875 0.31307228125000003 0.4123488953125 0.3576887125 0.414697028125 0.39404384531250003 0.42403203125 0.43099489531249996
3 0.6422809593750001 0.37704863906249997 0.5923451625 0.30241263125 0.5769830359375 0.280114875 0.5563956578125 0.2599321046875 0.493589115625 0.25791123125 0.498503871875 0.2830578921875 0.5098043515625 0.30592647500000003 0.5332396046875 0.385667515625 0.545893965625 0.40834582187499996 0.57488173125 0.585133553125 0.6334854875 0.5768973328125 0.6387849515624999 0.5177718859375 0.659828125 0.43454105781249996 0.6518741875 0.39759314375 0.6422809593750001 0.37704863906249997
4 0.68516295625 0.38325034687500004 0.710573084375 0.40827781874999997 0.710358753125 0.3688615515625 0.6778749890625 0.36928497656250003 0.68516295625 0.38325034687500004
22 0.3361855453125 0.71532376875 0.3637012609375 0.7862075953125001 0.4079894125 0.781363925 0.42617638593749996 0.776046665625 0.4438719875 0.75600606875 0.45294455312500004 0.7139039890625 0.446483534375 0.6398638859375 0.4333566140625 0.5941758546875 0.41262809375 0.5631651625 0.3929649125 0.5495583921875 0.3573928328125 0.547654603125 0.3502941109375 0.5841540140625 0.2214458421875 0.6546275390625 0.3361855453125 0.71532376875
22 0.191875315625 0.7831381484375 0.210544246875 0.7601995109375 0.21491325312499998 0.7337481015625 0.2214458421875 0.6546275390625 0.092597575 0.7251010640625 0.100220096875 0.7498671734375 0.1151525359375 0.7789312046875 0.13481571875 0.7925379765625 0.1583962703125 0.7961270640625 0.191875315625 0.7831381484375
22 0.6723037234375 0.499452125 0.657994390625 0.500082546875 0.6566405093750001 0.500272821875 0.6499296515624999 0.524094878125 0.6452020562499999 0.57465898125 0.6453735265625 0.6207871578125 0.6577341125 0.6511987984375 0.6811756171875001 0.6552018921875 0.7001822375 0.641682928125 0.7107550578125 0.62007935625 0.7112234171875 0.58411731875 0.7079071828125 0.5605210875 0.7001487515625 0.53478791875 0.6854787250000001 0.5118011984375 0.6723037234375 0.499452125