19 0.203515625 0.2873046875 0.1919921875 0.2861328125 0.1873046875 0.25390625 0.1689453125 0.2435546875 0.144921875 0.2435546875 0.1126953125 0.2515625 0.1 0.2642578125 0.10234375 0.291796875 0.1162109375 0.313671875 0.164453125 0.3181640625 0.1931640625 0.32734375 0.2068359375 0.32734375 0.2091796875 0.29765625 0.203515625 0.2873046875
17 0.723828125 0.2677734375 0.723828125 0.24921875 0.7158203125 0.234375 0.6734375 0.2296875 0.672265625 0.2515625 0.684765625 0.26875 0.7169921875 0.2873046875 0.723828125 0.2677734375
10 0.2275390625 0.26875 0.2322265625 0.2953125 0.25625 0.3056640625 0.323046875 0.3193359375 0.5619140625 0.311328125 0.6734375 0.3033203125 0.6962890625 0.2873046875 0.6814453125 0.278125 0.6125 0.17578125 0.5814453125 0.13671875 0.5583984375 0.120703125 0.459765625 0.1115234375 0.2919921875 0.113671875 0.2654296875 0.11484375 0.225390625 0.121875 0.2275390625 0.26875
16 0.2322265625 0.3826171875 0.2609375 0.4400390625 0.3458984375 0.47109375 0.418359375 0.491796875 0.4642578125 0.484765625 0.633203125 0.4734375 0.7146484375 0.46640625 0.7744140625 0.4572265625 0.82734375 0.4548828125 0.8388671875 0.434375 0.84453125 0.406640625 0.828515625 0.3767578125 0.791796875 0.334375 0.76875 0.3181640625 0.71015625 0.28828125 0.689453125 0.3009765625 0.6423828125 0.3078125 0.5435546875 0.316015625 0.3896484375 0.316015625 0.352734375 0.3171875 0.323046875 0.3216796875 0.2919921875 0.313671875 0.26328125 0.31015625 0.2333984375 0.294140625 0.220703125 0.31015625 0.2138671875 0.33671875 0.216015625 0.3642578125 0.2322265625 0.3826171875
15 0.33671875 0.56171875 0.398828125 0.5986328125 0.4458984375 0.5927734375 0.4630859375 0.567578125 0.459765625 0.54453125 0.4263671875 0.525 0.4033203125 0.5205078125 0.3677734375 0.5078125 0.3251953125 0.490625 0.3126953125 0.4814453125 0.2873046875 0.472265625 0.2701171875 0.47109375 0.281640625 0.5134765625 0.30234375 0.545703125 0.33671875 0.56171875
12 0.8560546875 0.4240234375 0.8365234375 0.4802734375 0.826171875 0.49296875 0.8537109375 0.5365234375 0.869921875 0.4814453125 0.8708984375 0.452734375 0.8560546875 0.4240234375
8 0.23671875 0.7421875 0.2287109375 0.8341796875 0.259765625 0.8650390625 0.2849609375 0.87421875 0.352734375 0.882421875 0.5275390625 0.882421875 0.5654296875 0.875390625 0.6251953125 0.8697265625 0.71015625 0.855859375 0.8537109375 0.82265625 0.9123046875 0.7916015625 0.9341796875 0.7708984375 0.9294921875 0.7513671875 0.9158203125 0.7306640625 0.9099609375 0.687109375 0.9111328125 0.5525390625 0.899609375 0.5205078125 0.8927734375 0.489453125 0.8755859375 0.45390625 0.869921875 0.506640625 0.8560546875 0.5353515625 0.828515625 0.4939453125 0.84921875 0.450390625 0.8572265625 0.425 0.84921875 0.40546875 0.828515625 0.4560546875 0.7732421875 0.4583984375 0.704296875 0.46875 0.4654296875 0.484765625 0.4171875 0.491796875 0.3666015625 0.4791015625 0.25859375 0.4376953125 0.264453125 0.467578125 0.31484375 0.4802734375 0.342578125 0.4974609375 0.4125 0.5193359375 0.435546875 0.5296875 0.4607421875 0.54453125 0.4642578125 0.5640625 0.4515625 0.5927734375 0.4021484375 0.60078125 0.3712890625 0.587109375 0.3056640625 0.54453125 0.2861328125 0.5205078125 0.25625 0.5341796875 0.2150390625 0.5732421875 0.2345703125 0.6951171875 0.23671875 0.7421875
14 0.128125 0.330859375 0.1244140625 0.434375 0.13203125 0.576953125 0.17109375 0.6541015625 0.17109375 0.5359375 0.1787109375 0.4330078125 0.19375 0.3826171875 0.215234375 0.271484375 0.2146484375 0.125 0.2001953125 0.10234375 0.1837890625 0.1048828125 0.182421875 0.1060546875 0.1673828125 0.156640625 0.128125 0.330859375
6 0.1275390625 0.169140625 0.094140625 0.265234375 0.090234375 0.4349609375 0.1041015625 0.5455078125 0.1294921875 0.5732421875 0.1244140625 0.4078125 0.1275390625 0.33203125 0.1798828125 0.1060546875 0.179296875 0.103515625 0.1501953125 0.1212890625 0.1275390625 0.169140625
22 0.178125 0.7486328125 0.1990234375 0.8541015625 0.21171875 0.86875 0.2490234375 0.86875 0.2234375 0.8314453125 0.230859375 0.73046875 0.214453125 0.5486328125 0.2025390625 0.5033203125 0.184375 0.54140625 0.1853515625 0.54140625 0.176171875 0.6033203125 0.178125 0.7486328125
22 0.0552734375 0.5341796875 0.0671875 0.6013671875 0.1044921875 0.610546875 0.07890625 0.5814453125 0.07890625 0.46875 0.0716796875 0.396875 0.0634765625 0.3978515625 0.0580078125 0.449609375 0.0552734375 0.5341796875