17 0.8142578125 0.3185546875 0.807421875 0.2943359375 0.7859375 0.2876953125 0.7521484375 0.2876953125 0.7375 0.3025390625 0.734765625 0.3306640625 0.7212890625 0.3361328125 0.7240234375 0.373828125 0.7400390625 0.3576171875 0.7912109375 0.355078125 0.807421875 0.346875 0.8142578125 0.3185546875
12 0.4640625 0.5650390625 0.509765625 0.5625 0.617578125 0.535546875 0.6349609375 0.4830078125 0.636328125 0.4560546875 0.6296875 0.4384765625 0.5515625 0.43984375 0.509765625 0.46953125 0.4921875 0.5044921875 0.4748046875 0.5259765625 0.4640625 0.5650390625
16 0.4572265625 0.3576171875 0.3884765625 0.3537109375 0.206640625 0.358984375 0.16484375 0.3994140625 0.1205078125 0.43046875 0.1298828125 0.442578125 0.1232421875 0.4546875 0.15546875 0.457421875 0.230859375 0.4533203125 0.455859375 0.4654296875 0.476171875 0.461328125 0.51640625 0.4640625 0.54609375 0.43984375 0.5716796875 0.43984375 0.636328125 0.37109375 0.6349609375 0.35234375 0.5865234375 0.3576171875 0.50703125 0.3537109375 0.4572265625 0.3576171875
8 0.4626953125 0.5650390625 0.4748046875 0.5259765625 0.519140625 0.4640625 0.4841796875 0.46015625 0.4544921875 0.4654296875 0.3078125 0.451953125 0.1771484375 0.4546875 0.15546875 0.4587890625 0.119140625 0.4546875 0.109765625 0.4896484375 0.1083984375 0.515234375 0.1029296875 0.539453125 0.074609375 0.520703125 0.05859375 0.5529296875 0.055859375 0.5826171875 0.0638671875 0.72265625 0.0734375 0.755078125 0.13125 0.78203125 0.18515625 0.7982421875 0.260546875 0.8076171875 0.3373046875 0.81171875 0.453125 0.8103515625 0.5771484375 0.80078125 0.6228515625 0.7873046875 0.632421875 0.7388671875 0.6310546875 0.70390625 0.641796875 0.608203125 0.65390625 0.5798828125 0.660546875 0.550390625 0.6458984375 0.5408203125 0.6162109375 0.5328125 0.5744140625 0.5462890625 0.50703125 0.5611328125 0.4626953125 0.5650390625
15 0.1029296875 0.5435546875 0.1111328125 0.4869140625 0.119140625 0.46015625 0.121875 0.4291015625 0.0990234375 0.457421875 0.0828125 0.4869140625 0.080078125 0.5234375 0.1029296875 0.5435546875
19 0.21484375 0.3119140625 0.212109375 0.3375 0.2173828125 0.355078125 0.2564453125 0.3025390625 0.2322265625 0.301171875 0.21484375 0.3119140625
22 0.63359375 0.6849609375 0.6349609375 0.7482421875 0.6255859375 0.79140625 0.587890625 0.7982421875 0.612109375 0.862890625 0.67265625 0.8615234375 0.69296875 0.8494140625 0.714453125 0.80625 0.7212890625 0.7671875 0.7251953125 0.7119140625 0.7240234375 0.6607421875 0.714453125 0.6068359375 0.6970703125 0.571875 0.67265625 0.5529296875 0.6484375 0.5880859375 0.641796875 0.6150390625 0.63359375 0.6849609375
11 0.846484375 0.3416015625 0.825 0.2849609375 0.792578125 0.171875 0.77109375 0.1435546875 0.7427734375 0.14765625 0.7212890625 0.163671875 0.6943359375 0.2404296875 0.6875 0.2822265625 0.6970703125 0.3212890625 0.7240234375 0.4048828125 0.734765625 0.4640625 0.744140625 0.6728515625 0.7642578125 0.6580078125 0.851953125 0.598828125 0.8533203125 0.535546875 0.8626953125 0.41015625 0.846484375 0.3416015625
3 0.8642578125 0.4078125 0.8541015625 0.5953125 0.9015625 0.560546875 0.92109375 0.4640625 0.932421875 0.353515625 0.9046875 0.2740234375 0.871875 0.2044921875 0.8359375 0.1623046875 0.804296875 0.1451171875 0.774609375 0.1408203125 0.7734375 0.14140625 0.7998046875 0.184375 0.8642578125 0.4078125
22 0.889453125 0.6515625 0.9185546875 0.656640625 0.932421875 0.649609375 0.9451171875 0.6326171875 0.9501953125 0.5876953125 0.952734375 0.5158203125 0.9419921875 0.462109375 0.9279296875 0.4505859375 0.9134765625 0.56953125 0.8705078125 0.60546875 0.8693359375 0.6048828125 0.876953125 0.63515625 0.889453125 0.6515625
10 0.6501953125 0.3384765625 0.7076171875 0.1515625 0.5240234375 0.155859375 0.4197265625 0.166015625 0.38828125 0.1755859375 0.3869140625 0.176171875 0.23671875 0.3396484375 0.6501953125 0.3384765625