10 0.3251953125 0.398046875 0.3791015625 0.412890625 0.53125 0.434375 0.58515625 0.4357421875 0.6162109375 0.43046875 0.6349609375 0.4142578125 0.6849609375 0.278125 0.503125 0.2580078125 0.4572265625 0.2580078125 0.431640625 0.2728515625 0.3103515625 0.3845703125 0.3251953125 0.398046875
17 0.6970703125 0.373828125 0.6875 0.394140625 0.68359375 0.412890625 0.6794921875 0.43046875 0.7427734375 0.425 0.749609375 0.3994140625 0.738671875 0.383203125 0.6970703125 0.373828125
22 0.521875 0.80625 0.554296875 0.8224609375 0.590625 0.823828125 0.61484375 0.815625 0.636328125 0.79140625 0.659375 0.740234375 0.6673828125 0.706640625 0.666015625 0.6701171875 0.660546875 0.6337890625 0.7885995375 0.602191840625 0.82890625 0.6001953125 0.837109375 0.62578125 0.876171875 0.6271484375 0.8962890625 0.6095703125 0.90703125 0.578515625 0.915234375 0.5341796875 0.9166015625 0.4857421875 0.909765625 0.4626953125 0.894921875 0.451953125 0.8828125 0.4708984375 0.8734375 0.49921875 0.8546875 0.5826171875 0.778522859375 0.6026909734375 0.6576027203125 0.6086805546875 0.65078125 0.614908853125 0.6458984375 0.60546875 0.6374493640625001 0.6096788203125 0.638216146875 0.59921875 0.6228515625 0.58671875 0.5865234375 0.58125 0.5642578125 0.60556640625 0.566912615625 0.6131727421875001 0.5568359375 0.613671875 0.5380859375 0.6890625 0.5298828125 0.7443359375 0.5298828125 0.7833984375 0.515234375 0.7927734375 0.521875 0.80625
16 0.4330078125 0.422265625 0.3736328125 0.4115234375 0.3279296875 0.3953125 0.3078125 0.38203125 0.206640625 0.4236328125 0.1595703125 0.4533203125 0.13125 0.50859375 0.1271484375 0.5462890625 0.128515625 0.583984375 0.15546875 0.613671875 0.1931640625 0.6337890625 0.25390625 0.647265625 0.3400390625 0.6458984375 0.3953125 0.5826171875 0.4357421875 0.5529296875 0.543359375 0.4951171875 0.6013671875 0.4681640625 0.6068359375 0.4453125 0.6 0.434375 0.57578125 0.4357421875 0.539453125 0.434375 0.4330078125 0.422265625
12 0.3791015625 0.6029296875 0.3427734375 0.64453125 0.4181640625 0.64453125 0.4505859375 0.640625 0.4828125 0.632421875 0.4935546875 0.6001953125 0.515234375 0.5638671875 0.5259765625 0.53828125 0.521875 0.50859375 0.4720703125 0.530078125 0.41953125 0.56640625 0.3791015625 0.6029296875
8 0.236328125 0.64453125 0.190625 0.63515625 0.1595703125 0.613671875 0.1271484375 0.583984375 0.109765625 0.554296875 0.0990234375 0.5880859375 0.0990234375 0.67421875 0.1056640625 0.7119140625 0.158203125 0.746875 0.2255859375 0.7751953125 0.2982421875 0.796875 0.365625 0.80625 0.41953125 0.8048828125 0.5287109375 0.78203125 0.533984375 0.7091796875 0.558203125 0.6123046875 0.48828125 0.6337890625 0.4423828125 0.6431640625 0.2955078125 0.6486328125 0.236328125 0.64453125
15 0.1474609375 0.4654296875 0.128515625 0.4896484375 0.1150390625 0.5193359375 0.1111328125 0.5529296875 0.1271484375 0.57734375 0.1298828125 0.52734375 0.1326171875 0.503125 0.1474609375 0.4654296875
19 0.329296875 0.3333984375 0.329296875 0.3509765625 0.3400390625 0.3603515625 0.362890625 0.325390625 0.3521484375 0.319921875 0.329296875 0.3333984375
11 0.8033203125 0.5947265625 0.7994140625 0.5408203125 0.8021484375 0.466796875 0.7994140625 0.4197265625 0.788671875 0.388671875 0.768359375 0.2849609375 0.75625 0.2486328125 0.7171875 0.2701171875 0.6970703125 0.2998046875 0.6822265625 0.34296875 0.6673828125 0.388671875 0.6580078125 0.437109375 0.666015625 0.5138671875 0.66875 0.5638671875 0.671484375 0.676953125 0.8033203125 0.5947265625
3 0.8330078125 0.271484375 0.788671875 0.25390625 0.7630859375 0.2513671875 0.783203125 0.340234375 0.7912109375 0.39140625 0.80078125 0.42109375 0.8033203125 0.503125 0.80078125 0.5435546875 0.807421875 0.5947265625 0.8505859375 0.5677734375 0.85859375 0.5435546875 0.8841796875 0.422265625 0.8828125 0.3900390625 0.86796875 0.36171875 0.8599609375 0.3306640625 0.84921875 0.301171875 0.8330078125 0.271484375
4 0.9328125 0.355078125 0.921875 0.3361328125 0.915234375 0.349609375 0.9193359375 0.379296875 0.9380859375 0.3859375 0.9328125 0.355078125