17 0.470703125 0.3306640625 0.453125 0.33203125 0.4451171875 0.349609375 0.4451171875 0.37109375 0.43828125 0.3697265625 0.4517578125 0.3859375 0.5017578125 0.3765625 0.504296875 0.349609375 0.4921875 0.3361328125 0.470703125 0.3306640625
16 0.2255859375 0.37109375 0.1892578125 0.3765625 0.10703125 0.39140625 0.0720703125 0.4048828125 0.053125 0.4236328125 0.0625 0.4318359375 0.2162109375 0.4263671875 0.3791015625 0.398046875 0.3966796875 0.3658203125 0.375 0.3697265625 0.278125 0.3685546875 0.2255859375 0.37109375
10 0.1931640625 0.3724609375 0.3037109375 0.3658203125 0.3521484375 0.3685546875 0.398046875 0.3658203125 0.4126953125 0.35625 0.4517578125 0.2634765625 0.377734375 0.26484375 0.2875 0.276953125 0.2767578125 0.2849609375 0.2228515625 0.334765625 0.1931640625 0.3724609375
12 0.241796875 0.4263671875 0.2080078125 0.4412109375 0.1892578125 0.4681640625 0.22421875 0.472265625 0.2833984375 0.4626953125 0.3064453125 0.4533203125 0.3185546875 0.4384765625 0.346875 0.41015625 0.241796875 0.4263671875
8 0.2162109375 0.472265625 0.18515625 0.4681640625 0.212109375 0.437109375 0.2470703125 0.425 0.348046875 0.41015625 0.3427734375 0.4048828125 0.2916015625 0.4115234375 0.2484375 0.422265625 0.046484375 0.4357421875 0.0220703125 0.496484375 0.0302734375 0.5625 0.02890625 0.598828125 0.041015625 0.62578125 0.0638671875 0.6392578125 0.09765625 0.6419921875 0.221484375 0.6458984375 0.3103515625 0.64453125 0.32109375 0.6216796875 0.3521484375 0.5138671875 0.323828125 0.481640625 0.308984375 0.4560546875 0.275390625 0.4654296875 0.2470703125 0.4654296875 0.2162109375 0.472265625
11 0.5474609375 0.6001953125 0.5609375 0.578515625 0.558203125 0.415625 0.5474609375 0.3873046875 0.5259765625 0.259375 0.4908203125 0.256640625 0.46796875 0.26875 0.4478515625 0.30390625 0.4330078125 0.346875 0.4302734375 0.383203125 0.434375 0.42109375 0.44375 0.4505859375 0.4478515625 0.491015625 0.4478515625 0.608203125 0.49765625 0.6095703125 0.5474609375 0.6001953125
3 0.52734375 0.259375 0.5287109375 0.2849609375 0.53671875 0.3091796875 0.548828125 0.39140625 0.558203125 0.415625 0.5623046875 0.5947265625 0.621484375 0.5947265625 0.6349609375 0.5369140625 0.6673828125 0.457421875 0.6646484375 0.4197265625 0.6580078125 0.398046875 0.6189453125 0.3171875 0.6068359375 0.29296875 0.5892578125 0.2701171875 0.52734375 0.259375
4 0.7265625 0.3994140625 0.6943359375 0.3953125 0.699609375 0.41015625 0.7212890625 0.4384765625 0.7265625 0.3994140625
22 0.3884765625 0.7630859375 0.4087890625 0.745703125 0.4236328125 0.7052734375 0.4275390625 0.6310546875 0.4208984375 0.583984375 0.4046875 0.550390625 0.387109375 0.5341796875 0.3521484375 0.52734375 0.3400390625 0.5625 0.20263671875 0.61435546875 0.3078125 0.6904296875 0.3251953125 0.764453125 0.3697265625 0.7658203125 0.3884765625 0.7630859375
22 0.1205078125 0.745703125 0.15546875 0.7375 0.1771484375 0.7173828125 0.18515625 0.691796875 0.20263671875 0.61435546875 0.065234375 0.6662109375 0.0693359375 0.691796875 0.080078125 0.72265625 0.09765625 0.7388671875 0.1205078125 0.745703125
22 0.6333984375 0.594140625 0.6271484375 0.63984375 0.63515625 0.6716796875 0.6578125 0.67890625 0.678515625 0.6681640625 0.6919921875 0.6482421875 0.6974609375 0.6126953125 0.6974609375 0.5888671875 0.693359375 0.5623046875 0.68203125 0.5375 0.670703125 0.5234375 0.6564453125 0.5220703125 0.655078125 0.5220703125 0.6451171875 0.5447265625 0.6333984375 0.594140625