19 0.2 0.2654296875 0.1759765625 0.2677734375 0.1482421875 0.274609375 0.1390625 0.294140625 0.1369140625 0.3216796875 0.147265625 0.3376953125 0.1689453125 0.3447265625 0.2287109375 0.3447265625 0.22421875 0.3078125 0.218359375 0.2837890625 0.2 0.2654296875
16 0.3458984375 0.4755859375 0.3609375 0.484765625 0.381640625 0.50546875 0.435546875 0.50546875 0.45625 0.511328125 0.845703125 0.47109375 0.8744140625 0.4607421875 0.8732421875 0.4376953125 0.88828125 0.4216796875 0.8732421875 0.4021484375 0.826171875 0.3642578125 0.791796875 0.32734375 0.74921875 0.33203125 0.57109375 0.3400390625 0.342578125 0.355078125 0.296484375 0.34921875 0.2908203125 0.3654296875 0.2908203125 0.389453125 0.3240234375 0.469921875 0.3458984375 0.4755859375
10 0.28046875 0.3171875 0.2884765625 0.3412109375 0.30234375 0.35390625 0.3322265625 0.355078125 0.534375 0.3400390625 0.64921875 0.33671875 0.7814453125 0.3263671875 0.7595703125 0.2998046875 0.7400390625 0.2666015625 0.708984375 0.2287109375 0.6435546875 0.152734375 0.61015625 0.1228515625 0.4240234375 0.11484375 0.2849609375 0.1263671875 0.281640625 0.179296875 0.276953125 0.2826171875 0.28046875 0.3171875
15 0.296484375 0.5998046875 0.3689453125 0.621484375 0.43671875 0.62734375 0.440234375 0.6169921875 0.43203125 0.5962890625 0.39765625 0.52734375 0.379296875 0.4998046875 0.3609375 0.48359375 0.3390625 0.4734375 0.278125 0.4640625 0.26328125 0.4755859375 0.27578125 0.5791015625 0.296484375 0.5998046875
12 0.8927734375 0.491796875 0.8962890625 0.5560546875 0.928515625 0.52265625 0.923828125 0.4826171875 0.9111328125 0.448046875 0.8916015625 0.4205078125 0.8767578125 0.4388671875 0.880078125 0.4572265625 0.8927734375 0.491796875
8 0.2884765625 0.89375 0.316015625 0.91796875 0.359765625 0.93515625 0.3908203125 0.9443359375 0.43203125 0.9466796875 0.5607421875 0.9431640625 0.6125 0.936328125 0.6767578125 0.933984375 0.823828125 0.8869140625 0.8927734375 0.8537109375 0.928515625 0.8283203125 0.9490234375 0.8076171875 0.9525390625 0.7673828125 0.9513671875 0.7365234375 0.945703125 0.7099609375 0.943359375 0.6720703125 0.9537109375 0.625 0.9525390625 0.5779296875 0.938671875 0.5296875 0.9318359375 0.52265625 0.8986328125 0.5525390625 0.8939453125 0.4939453125 0.882421875 0.4607421875 0.84921875 0.469921875 0.8009765625 0.4779296875 0.652734375 0.490625 0.4837890625 0.51015625 0.457421875 0.5125 0.433203125 0.506640625 0.379296875 0.508984375 0.4080078125 0.54453125 0.4423828125 0.6158203125 0.43671875 0.62734375 0.38046875 0.623828125 0.3 0.60078125 0.278125 0.582421875 0.24375 0.587109375 0.2666015625 0.7859375 0.26328125 0.860546875 0.2884765625 0.89375
14 0.2240234375 0.1419921875 0.19765625 0.2626953125 0.173046875 0.3541015625 0.1830078125 0.5271484375 0.2177734375 0.6275390625 0.215234375 0.5158203125 0.2265625 0.356640625 0.2525390625 0.2619140625 0.261328125 0.1583984375 0.25 0.1091796875 0.241796875 0.1072265625 0.225390625 0.123828125 0.2240234375 0.1419921875
6 0.172265625 0.373046875 0.1685546875 0.3498046875 0.2310546875 0.11484375 0.2126953125 0.128125 0.1767578125 0.2166015625 0.159765625 0.2708984375 0.1521484375 0.3447265625 0.1609375 0.4576171875 0.1623046875 0.4609375 0.1787109375 0.5119140625 0.172265625 0.373046875
22 0.251953125 0.88203125 0.2587890625 0.85546875 0.264453125 0.7884765625 0.2412109375 0.5845703125 0.2322265625 0.5984375 0.22734375 0.6439453125 0.22734375 0.6830078125 0.225390625 0.68046875 0.238671875 0.844140625 0.251953125 0.88203125
22 0.166015625 0.5548828125 0.17734375 0.561328125 0.1521484375 0.4015625 0.1490234375 0.4185546875 0.1552734375 0.501171875 0.155859375 0.50625 0.1591796875 0.53984375 0.166015625 0.5548828125
17 0.768359375 0.303125 0.7833984375 0.2904296875 0.7783203125 0.261328125 0.7619140625 0.2474609375 0.740625 0.2462890625 0.7392578125 0.24375 0.7455078125 0.2689453125 0.768359375 0.303125