17 0.7774146390625 0.2845503859375 0.7672571375 0.301198221875 0.758649409375 0.329430640625 0.7377612234375001 0.3343687234375 0.72472476875 0.3774947171875 0.8179640671874999 0.371369990625 0.83815885625 0.3359203703125 0.8376563156250001 0.299943415625 0.8229628921875 0.28418665 0.7774146390625 0.2845503859375
19 0.21375399687500002 0.285582665625 0.22454106875000002 0.3068705359375 0.256513775 0.25873829531250003 0.2744907921875 0.2308330609375 0.2556865296875 0.22646320156250002 0.227185796875 0.23113544843749997 0.214940034375 0.25161899375 0.21375399687500002 0.285582665625
16 0.193596365625 0.48226461406250004 0.29749570625 0.4954690046875 0.41500220624999995 0.49957242187500006 0.430690809375 0.486830934375 0.583814865625 0.4503557921875 0.645381384375 0.42221385156249996 0.6766290828125 0.40043955468750003 0.6686528 0.3546254640625 0.6154238359375 0.3566753 0.5622016875 0.358529940625 0.5075499812500001 0.3509539453125 0.462403890625 0.3398012640625 0.367798859375 0.329071184375 0.269359978125 0.32739250625 0.2281815828125 0.3089519796875 0.2086547921875 0.325272634375 0.11401815 0.3714120328125 0.114981721875 0.39978325625 0.1512610640625 0.44658571093750005 0.15033404687500002 0.4731320296875 0.193596365625 0.48226461406250004
12 0.4770371765625 0.5699443421875 0.5380081984375 0.5644516671875001 0.5762710875 0.55445280625 0.6189013546875 0.5313171125 0.6391574906249999 0.4941107515625 0.64776521875 0.46587833281249996 0.6453132218750001 0.42416578749999995 0.608606921875 0.445554034375 0.4995402140625 0.47399154687499995 0.4457863953125 0.4910712828125 0.404903571875 0.5201309453125 0.47160336875000003 0.5128840078125 0.44495975625 0.565110975 0.4770371765625 0.5699443421875
15 0.1163412421875 0.523148040625 0.11408443906250001 0.4814423109375 0.1167000359375 0.456909275 0.146359534375 0.48061506718749997 0.149104640625 0.45237335312500004 0.11289345937499999 0.40361896406250003 0.10458751562499999 0.3728415921875 0.07853692031250001 0.408086721875 0.06516398749999999 0.4664446265625 0.089992596875 0.5165604109374999 0.1163412421875 0.523148040625
22 0.659798365625 0.9775474796875001 0.675262653125 0.9544402859375 0.6897398359375 0.8029000937499999 0.6996265671875 0.6205168453125001 0.6915678671875 0.59385216875 0.6654416796875 0.58649058125 0.660144803125 0.6318411625 0.6467892265625 0.6505270671875001 0.6326330390625 0.714525134375 0.6254226468749999 0.76430381875 0.6384126140624999 0.8120518734375001 0.63761510625 0.834889515625 0.62385055 0.8652870328125 0.6090883421875 0.8682892921875001 0.59614174375 0.8752635859375 0.5908392874999999 0.9487561156250001 0.599222690625 0.9717189296875001 0.659798365625 0.9775474796875001
22 0.8782862625 0.6642786375 0.8647311546875001 0.677485490625 0.8315656046875001 0.6982156578125001 0.8318946437499999 0.6999860328125 0.833423346875 0.7289632859374999 0.8399068656249999 0.7559638171875 0.8923023828125001 0.766587928125 0.9068948046875001 0.751658415625 0.9195929234375001 0.7126246703125 0.9255367265625001 0.665537796875 0.9310951109375001 0.5455414953125 0.923275603125 0.4952379546875 0.90918573125 0.484583484375 0.9018266234375 0.50504224375 0.8893088125 0.6396483140625 0.8782862625 0.6642786375
11 0.729797321875 0.38333936875 0.7311593390625 0.3779148484375 0.7431181859375 0.44399746249999994 0.7482440171875 0.5434556875000001 0.738673928125 0.755946453125 0.8325781328125 0.69160634375 0.8530313515625 0.41930270781249995 0.805226328125 0.131716959375 0.776616534375 0.13951230312500001 0.753841475 0.16490480937500002 0.7401078984375 0.216800878125 0.730136909375 0.284072 0.7166648328125 0.32288328593750004 0.729797321875 0.38333936875
3 0.853832575 0.41874439218750004 0.8330775812500001 0.6884968796875001 0.8777985890625001 0.65585805 0.8991428625 0.5315272156249999 0.9152379906249999 0.3280587296875 0.89713209375 0.2813046125 0.8766374046875001 0.20222086875 0.8589039250000001 0.15039853593750002 0.8215816859375 0.133460690625 0.807791109375 0.131024796875 0.805818725 0.131542215625 0.853832575 0.41874439218750004
10 0.35347971093749997 0.31938586562500004 0.48745000781250003 0.33891700937499997 0.631109959375 0.34960124062500003 0.6778225578125 0.349473596875 0.7317195453124999 0.14361198125000002 0.5867254625 0.12076440468750001 0.46534235781250005 0.1157438875 0.3828071 0.11755204999999999 0.31100252031250003 0.1926309046875 0.23057409843749999 0.3019999921875 0.23142055625000002 0.3057427515625 0.35347971093749997 0.31938586562500004
8 0.6218565234375 0.5306385828125 0.6025292624999999 0.5524382890624999 0.479229540625 0.5743203953125 0.44116246718749996 0.5675189796875 0.4682032828125 0.5151104531249999 0.4005070703125 0.5229088890625 0.419859115625 0.5059958390625 0.1486770703125 0.4758102078125 0.1466272265625 0.4841421828125 0.119200990625 0.46364128281249994 0.120009021875 0.5244487125 0.086370053125 0.5195608140625 0.060222803125 0.46803095937499994 0.014207309375 0.5825104046875 0.014395670312500001 0.7058342921875 0.00860306875 0.715012725 0.021580025 0.746344075 0.0655921296875 0.7955663093750001 0.45701585624999996 0.8858442953125 0.6150556890625001 0.8597032578125001 0.6351302624999999 0.8220996921875001 0.62111909375 0.7700164828125 0.6430898453125 0.6445349359375 0.6582195203125 0.586238378125 0.6218565234375 0.5306385828125