19 0.235546875 0.4583984375 0.220703125 0.472265625 0.2126953125 0.48828125 0.24375 0.46875 0.2517578125 0.45390625 0.235546875 0.4583984375
17 0.59296875 0.433203125 0.569921875 0.428515625 0.5666015625 0.4388671875 0.567578125 0.465234375 0.5447265625 0.4640625 0.5619140625 0.48359375 0.6205078125 0.47109375 0.6181640625 0.450390625 0.6078125 0.4400390625 0.59296875 0.433203125
10 0.244921875 0.4744140625 0.2919921875 0.469921875 0.518359375 0.4607421875 0.5275390625 0.445703125 0.555078125 0.3572265625 0.459765625 0.3619140625 0.34140625 0.3767578125 0.313671875 0.3974609375 0.28046875 0.430859375 0.244921875 0.4744140625
16 0.244921875 0.469921875 0.223046875 0.4859375 0.196484375 0.5125 0.1689453125 0.548046875 0.198828125 0.5560546875 0.26328125 0.5595703125 0.333203125 0.5537109375 0.4494140625 0.5365234375 0.4953125 0.525 0.5216796875 0.4619140625 0.4482421875 0.4640625 0.340234375 0.47109375 0.244921875 0.469921875
12 0.4470703125 0.5767578125 0.47578125 0.5640625 0.4884765625 0.550390625 0.4998046875 0.526171875 0.4240234375 0.543359375 0.391796875 0.546875 0.3630859375 0.58359375 0.4056640625 0.5791015625 0.416015625 0.589453125 0.4470703125 0.5767578125
15 0.178125 0.5939453125 0.203515625 0.60078125 0.2068359375 0.5607421875 0.186328125 0.5560546875 0.1689453125 0.543359375 0.1564453125 0.567578125 0.1517578125 0.584765625 0.1689453125 0.604296875 0.178125 0.5939453125
11 0.5390625 0.46796875 0.560546875 0.4990234375 0.57265625 0.5884765625 0.5767578125 0.6916015625 0.657421875 0.6869140625 0.6515625 0.61328125 0.6537109375 0.5111328125 0.6400390625 0.4412109375 0.6099609375 0.35234375 0.5869140625 0.35234375 0.56640625 0.3744140625 0.565234375 0.3744140625 0.5490234375 0.417578125 0.5390625 0.46796875
3 0.6568359375 0.53125 0.658984375 0.6837890625 0.6984375 0.6853515625 0.708984375 0.5794921875 0.7083984375 0.501171875 0.6919921875 0.4380859375 0.655859375 0.3818359375 0.618359375 0.3544921875 0.610546875 0.35234375 0.647265625 0.46953125 0.6568359375 0.53125
22 0.5158203125 0.77578125 0.541015625 0.7732421875 0.553125 0.75625 0.5611328125 0.7173828125 0.565234375 0.66328125 0.5568359375 0.61171875 0.5453125 0.5828125 0.5322265625 0.57421875 0.516796875 0.5869140625 0.5064453125 0.703125 0.5126953125 0.72734375 0.476953125 0.739453125 0.47578125 0.7384765625 0.4810546875 0.7673828125 0.5158203125 0.77578125
22 0.7009765625 0.77109375 0.72890625 0.76953125 0.742578125 0.753125 0.751953125 0.7083984375 0.7478515625 0.6416015625 0.734765625 0.5927734375 0.723046875 0.5912109375 0.7158203125 0.6033203125 0.7083984375 0.65 0.7052734375 0.71640625 0.67734375 0.72890625 0.6751953125 0.7310546875 0.681640625 0.757421875 0.7009765625 0.77109375
22 0.2365234375 0.7921875 0.2548828125 0.7673828125 0.2607421875 0.7431640625 0.2228515625 0.74375 0.1728515625 0.754296875 0.1796875 0.78046875 0.20234375 0.7984375 0.2365234375 0.7921875
22 0.4505859375 0.7763671875 0.465234375 0.769921875 0.47265625 0.740625 0.434765625 0.739453125 0.4064453125 0.744140625 0.4080078125 0.7453125 0.4169921875 0.76953125 0.4505859375 0.7763671875
8 0.1791015625 0.5974609375 0.1701171875 0.6052734375 0.149609375 0.583203125 0.138671875 0.607421875 0.137109375 0.6943359375 0.140625 0.730078125 0.188671875 0.7416015625 0.4794921875 0.736328125 0.504296875 0.7099609375 0.5099609375 0.570703125 0.528515625 0.546875 0.5126953125 0.51640625 0.4990234375 0.5279296875 0.4794921875 0.56328125 0.415625 0.5896484375 0.405859375 0.5802734375 0.357421875 0.5837890625 0.3859375 0.5490234375 0.269140625 0.56328125 0.2111328125 0.55859375 0.2064453125 0.5595703125 0.20859375 0.599609375 0.1791015625 0.5974609375