19 0.4206908359375 0.388960609375 0.39236213593749997 0.38803323125 0.3794397140625 0.40220178281249996 0.3730288421875 0.43144170624999995 0.378959871875 0.45017832812499997 0.3992439578125 0.45695045937499995 0.4248389875 0.44142735 0.433622271875 0.41968207656249995 0.433205290625 0.3998413234375 0.4206908359375 0.388960609375
17 0.8796306312500001 0.4153767109375 0.8561491859375 0.40631844531250005 0.8359513765625 0.410238321875 0.8213233375 0.4239389828125 0.81469320625 0.46579999218749996 0.8054623859375001 0.46789742187499994 0.8145907749999999 0.488920178125 0.8679645390624999 0.47779679062499997 0.8885745171874999 0.46128637968749997 0.8904131171874999 0.4384411765625 0.8796306312500001 0.4153767109375
10 0.7958792015625 0.31490531875 0.5225413421875 0.30898705625 0.4992120921875 0.3426662671875 0.43872835468750004 0.4436272109375 0.4878911046875 0.4478543765625 0.6109046124999999 0.447760840625 0.7799697875 0.4603003421875 0.7958792015625 0.31490531875
16 0.732268225 0.4580843296875 0.5432802234375 0.4477285328125 0.49108846406250006 0.4501405125 0.4367172 0.44508839843750003 0.37940740625 0.46982617187500003 0.3599321140625 0.49165772343749997 0.340543096875 0.52418128125 0.3929032078125 0.5306945843750001 0.7165079484375 0.5463540625000001 0.733524553125 0.50633585625 0.757022153125 0.48158192812499995 0.7808810109375 0.46578383749999996 0.732268225 0.4580843296875
15 0.419220753125 0.5330831500000001 0.3683218328125 0.5285810015625 0.3347846203125 0.5268286765625 0.3149319140625 0.573516584375 0.342766371875 0.58880121875 0.3630504578125 0.59557335 0.3884010578125 0.5815935062500001 0.3991954953125 0.5583870421875 0.419220753125 0.5330831500000001
12 0.68348839375 0.6087537859375 0.7186755015624999 0.6000890859375 0.732753575 0.589860765625 0.7420868234375 0.56464315 0.73852820625 0.5534011765625 0.6628550015625 0.546754890625 0.6160646625 0.550022371875 0.6260018453125 0.5996488109375 0.6401661953125 0.6001125 0.645460984375 0.6116294546875001 0.68348839375 0.6087537859375
11 0.8638200171875001 0.4814907984375 0.83744365 0.304679978125 0.8372603281250001 0.305837425 0.827084140625 0.31015808906250003 0.8179108390625001 0.3193835234375 0.8060907953124999 0.40649760468749996 0.809461359375 0.51381488125 0.8043577234375 0.5697599609374999 0.8084369765625 0.6176676062500001 0.808078165625 0.688601984375 0.7971663265625 0.7450113640625 0.8377033328125 0.73877598125 0.8525290515625 0.6938625890625 0.8711068281250001 0.5528451343749999 0.8638200171875001 0.4814907984375
3 0.86771293125 0.4943676953125 0.8720294328125 0.5557597203125 0.8545629671875 0.6872635812500001 0.8388511937500001 0.7377713015625 0.8668569796875 0.7344948453125 0.9252049031249999 0.555876509375 0.9175778015624999 0.47418542812500003 0.9073992093750001 0.462290446875 0.8843891625 0.3166636 0.8483381515625 0.30581225624999997 0.8402360203124999 0.3045290046875 0.86771293125 0.4943676953125
22 0.27766365312499997 0.7301619828125 0.26901759531249997 0.8047274671875 0.2720849890625 0.86651489375 0.285115878125 0.9016025484375 0.33999158125 0.9134579593750001 0.3693800703125 0.9064455609375001 0.3861145125 0.883191165625 0.4063853828125 0.8326145468749999 0.37513369375 0.807692309375 0.31964630625 0.7797225015625 0.288921821875 0.7564657421875001 0.279856334375 0.7313002578125001 0.27766365312499997 0.7301619828125
22 0.7672481875 0.670468071875 0.7508342515625 0.68171065625 0.7403627265625 0.709120953125 0.7061839703125 0.8387688359375 0.663267371875 0.8525372125 0.6611663531249999 0.8508202140625001 0.6640761656249999 0.8811408937499999 0.6853313984375 0.91674016875 0.704867228125 0.9382248203125 0.7309804843750001 0.9431517421875 0.7545128390625 0.9306636390625 0.7707200796875 0.9057437671875 0.784132540625 0.8647592265625 0.7925180171874999 0.8255492 0.796093971875 0.7792495140625 0.793429771875 0.7236561078125 0.7857314046874999 0.6848648578125001 0.7672481875 0.670468071875
22 0.836764003125 0.8133756078125 0.8364812296874999 0.8101668671875 0.833219784375 0.835752921875 0.841375271875 0.8953800171875 0.8890942109375001 0.90372894375 0.9046832 0.897694871875 0.9142758484375 0.8608512609375 0.9264835046875 0.7700413765625 0.9276600828125 0.708926128125 0.9204505749999999 0.667048353125 0.910277978125 0.6638551953125 0.8871644406250001 0.7561017109375 0.8796404609374999 0.7986121390625 0.836764003125 0.8133756078125
8 0.6237786125 0.5987034437500001 0.5023868515625 0.60478850625 0.3778180890625 0.5872339703125 0.358510534375 0.5980182515625 0.3208569484375 0.583551384375 0.30919440468750004 0.5747830703125001 0.308949975 0.5763263328125 0.29109945000000004 0.6403376046875 0.28499533593750004 0.70759355625 0.286346915625 0.7477525390624999 0.3141777828125 0.7705509953125 0.3608579 0.7854587890625 0.46680026249999995 0.7907690796875 0.7080932640625 0.8167258171875 0.743731415625 0.6928459984375 0.7343849078125 0.5970402921875 0.6708637171875 0.616048346875 0.6390530890624999 0.6133830031249999 0.6237786125 0.5987034437500001